0.4118005875
0.0289400861
0.0143557400
0.2170331512
0.4571258932
0.4717102393
0.0622500755
0.0143557400
0.1987255437
0.0284700661
0.0192171887
0.0477221159
0.0260806067
0.0481357494
0.2555639664
0.0450869271
0.1141517771
0.1295765968
0.0107698372
0.0107698372
0.1887871599
0.1355777998
0.0284335513
0.2124218340
0.1013589083
0.0563893559
0.0515808661
0.0255479284
0.3520760267
0.0039064192
0.0926681702
0.0277436427
0.0039064192
0.0136293166
0.0039064192
0.0039064192
0.0039064192
0.0039064192
0.0573823550
0.0184907654
0.0158250310
0.0087678679
0.0235721026
0.0235721026
0.0235721026
0.3189033959
0.1457492786
0.0039064192
0.1008550189
0.0039064192
0.0039064192
0.0039064192
0.0039064192
0.0354907143
0.0354907143
0.0039064192
0.0136293166
0.0992553131
0.0136293166
0.0136293166
0.0206864797
0.0180207453
0.0176332552
0.0180207453
0.0109635822
0.0109635822
0.0109635822
