0.0080758172
0.0000751578
0.0000437868
0.0019245586
0.0022060684
0.0026091253
0.0002408571
0.0000437868
0.0003538364
0.0000647526
0.0000222824
0.0000798735
0.0000274634
0.0001327872
0.0127935096
0.0006466705
0.0003527661
0.0021987150
0.0000255076
0.0000255076
0.0002200565
0.0006888076
0.0000921599
0.0020442806
0.0010437406
0.0001230491
0.0001503357
0.0000663483
0.0042395498
0.0000000000
0.0007257763
0.0000402905
0.0000000000
0.0000497004
0.0000000000
0.0000000000
0.0000000000
0.0000000000
0.0011664563
0.0001012915
0.0000114712
0.0000159629
0.0001394154
0.0001394154
0.0001394154
0.0033791526
0.0024035587
0.0000000000
0.0006658658
0.0000000000
0.0000000000
0.0000000000
0.0000000000
0.0000767053
0.0000767053
0.0000000000
0.0000497004
0.0005826316
0.0000497004
0.0000497004
0.0000265856
0.0000871323
0.0000836798
0.0000871323
0.0000264556
0.0000264556
0.0000264556
