0.4127694320
0.0290565161
0.0144721700
0.2174159926
0.4577256915
0.4723100376
0.0621686873
0.0144721700
0.1991958620
0.0284875869
0.0193336187
0.0477890913
0.0261970367
0.0481532703
0.2555700550
0.0450930158
0.1108380269
0.1295332309
0.0107759259
0.0107759259
0.1891965915
0.1357056620
0.0284396400
0.2129035845
0.1021373861
0.0565666727
0.0513891367
0.0255045625
0.3516864790
0.0039125079
0.0924269861
0.0276508223
0.0039125079
0.0136354053
0.0039125079
0.0039125079
0.0039125079
0.0039125079
0.0573884437
0.0184968540
0.0157816651
0.0087739566
0.0235781913
0.0235781913
0.0235781913
0.3185138482
0.1457553673
0.0039125079
0.1006632894
0.0039125079
0.0039125079
0.0039125079
0.0039125079
0.0354473485
0.0354473485
0.0039125079
0.0136354053
0.0988657654
0.0136354053
0.0136354053
0.0206431138
0.0179279249
0.0176393439
0.0179279249
0.0109202164
0.0109202164
0.0109202164
