0.0080948172
0.0000754601
0.0000443922
0.0019279535
0.0022089630
0.0026124429
0.0002405422
0.0000443922
0.0003662043
0.0000642309
0.0000227000
0.0000799856
0.0000278160
0.0001328355
0.0127938144
0.0006467579
0.0003425255
0.0021979791
0.0000255221
0.0000255221
0.0002270755
0.0006894572
0.0000921796
0.0020489168
0.0010631936
0.0001234361
0.0001497769
0.0000662357
0.0041835107
0.0000000000
0.0007238873
0.0000401557
0.0000000000
0.0000497226
0.0000000000
0.0000000000
0.0000000000
0.0000000000
0.0011665801
0.0001013248
0.0000114397
0.0000159740
0.0001394514
0.0001394514
0.0001394514
0.0033341192
0.0024036591
0.0000000000
0.0006645999
0.0000000000
0.0000000000
0.0000000000
0.0000000000
0.0000766116
0.0000766116
0.0000000000
0.0000497226
0.0005803450
0.0000497226
0.0000497226
0.0000265298
0.0000862777
0.0000837087
0.0000862777
0.0000262278
0.0000262278
0.0000262278
