0.01961099006	1	0.01961099006	2	
0.0
0.0
0.008867579067	2	0.008344526167	1	
0.0
0.0
0.0
0.0
0.0
0.0
0.0
0.0
0.0
0.0
0.05005991161	2	0.01867087114	1	
0.01434275029	2	0.008012083495	1	
0.0
0.01696845751	2	
0.0
0.0
0.0
0.0
0.0
0.009623684048	2	
0.01040944577	1	0.01040944577	2	
0.0
0.0
0.0
0.0118955687	1	0.0118955687	2	
0.0
0.0
0.0
0.0
0.0
0.0
0.0
0.0
0.0
0.02032778704	1	0.02032778704	2	
0.0
0.0
0.0
0.0
0.0
0.0
0.01046773712	1	0.01046773712	2	
0.01649105029	2	
0.0
0.0
0.0
0.0
0.0
0.0
0.0
0.0
0.0
0.0
0.0
0.0
0.0
0.0
0.0
0.0
0.0
0.0
0.0
0.0
