0.1191519322	2	
0.0
0.0
0.05377502726	1	
0.01521245772	1	
0.0
0.0
0.0
0.0
0.0
0.0
0.0
0.0
0.0
0.5265443684	2	
0.04588907728	1	
0.0
0.0
0.0
0.0
0.0
0.0
0.0
0.07788248704	2	
0.01949645053	1	
0.0
0.02321394571	2	
0.0
0.03642860094	1	
0.0
0.06775756075	2	
0.0
0.0
0.0
0.0
0.0
0.0
0.0
0.04391868925	1	
0.0
0.0
0.0
0.0
0.01115364207	2	
0.01132241683	1	
0.03080295853	1	
0.02989141125	1	
0.0
0.02416840866	1	
0.0
0.0
0.0
0.0
0.01888866934	2	
0.0
0.0
0.0227508238	2	
0.01176170093	1	
0.0227508238	2	
0.0
0.0
0.009160721101	2	
0.0146057894	2	
0.0
0.0
0.01286246693	2	
0.0
