0	0	0	0	0	0	0	0	0	1	0	0	41	0	0	0	95	0	0	0	0	0	0	0	0	0	74	0	79	135	1	3	
3313	0	1	1	0	353	0	4	9249	5	2	16	200	9	8111	1	17774	7056	4	1	1	1	8178	0	7	2	6044	3	652	9478	161	4	
1	0	1	75	1	1	0	111	0	1	0	61	83	1	0	0	127	0	1	65	2	0	0	0	65	0	71	0	161	46	0	1	
1	0	0	0	0	0	0	0	0	0	0	0	124	0	0	0	0	0	0	0	0	0	0	0	0	0	0	0	0	90	0	0	
0	0	1	0	0	0	0	77	0	2	0	30	79	1	0	0	94	0	0	0	0	0	1	0	66	0	0	1	1	45	0	1	
14	0	0	0	0	10	0	0	6	0	0	0	65	1	5	0	0	2314	1	0	0	0	9	0	0	0	8	0	0	4317	0	0	
0	0	0	0	0	0	0	0	0	0	0	30	82	0	0	0	64	0	0	0	0	1	0	0	0	0	38	0	0	1	0	0	
2	0	0	78	0	0	0	113	0	1	1	92	81	1	0	0	31	1	0	59	0	0	0	1	103	1	149	0	81	137	0	0	
0	1	0	0	0	1	0	0	2	1	0	0	39	1	0	0	31	0	0	0	0	0	0	0	0	0	38	0	78	89	0	0	
1	0	1	41	0	0	1	37	3	2	1	30	77	1	0	0	0	0	0	26	1	1	0	0	34	0	112	0	79	181	1	0	
0	0	0	22	0	0	2	76	1	0	0	28	167	1	0	0	63	0	1	10	0	0	0	0	66	0	73	0	119	91	2	3	
0	0	0	0	0	0	0	0	0	0	0	0	41	0	0	0	32	0	0	0	0	0	0	0	0	0	0	0	0	0	0	0	
0	0	0	0	0	0	0	0	0	0	0	0	41	0	0	0	0	0	0	0	0	0	0	0	0	0	0	0	0	0	0	0	
0	0	0	0	0	0	0	0	0	1	0	0	40	0	0	0	0	0	0	0	0	0	0	0	0	0	0	0	0	0	0	0	
23	60	11	79	1	0	2	2	1	4	1	3	0	129	2	16737	271	4	6309	140	1	1	29	46	2782	1048	5	3087	3	3	0	4459	
0	0	0	0	0	0	0	0	0	0	0	0	0	0	0	0	0	0	0	0	0	0	0	0	0	0	38	0	0	0	0	0	
0	0	0	0	0	0	0	0	0	0	0	0	0	0	0	29	0	0	0	0	0	0	0	0	0	0	0	0	0	0	0	0	
0	0	0	0	0	0	0	0	0	0	0	0	0	0	0	29	0	0	0	0	0	0	0	0	0	0	0	0	0	0	0	0	
0	2	0	0	0	0	2	0	0	0	0	0	0	0	0	6869	3	0	2	0	0	0	0	0	0	0	1	4	0	1	0	39	
1	666	316	225	5	0	24	0	0	2	22	221	0	112	18	13066	42	0	3668	317	5	4	0	56	2	3	8	726	19	5	0	186	
0	0	0	0	0	0	0	0	0	0	0	0	0	0	0	0	32	0	0	0	0	0	0	0	0	0	0	0	0	0	0	0	
0	0	0	0	0	0	0	0	0	0	0	0	0	0	0	0	0	0	0	0	0	0	0	0	0	0	0	0	0	0	0	0	
0	34	0	0	0	0	0	0	0	0	0	0	0	0	0	0	0	0	0	0	41	0	0	0	0	0	0	0	0	0	0	0	
2	439	25	1677	2973	365	56	69	2	1275	5176	2	0	27	43	0	0	1	0	6	1187	190	2	284	6	438	0	0	0	15	1	0	
1	0	0	0	0	0	0	0	0	0	0	62	0	0	0	0	31	0	0	0	0	0	0	0	68	0	0	0	0	0	0	0	
0	0	0	0	0	0	0	0	0	0	1	30	0	0	0	0	0	0	0	0	0	0	0	0	0	0	0	0	0	0	0	0	
0	0	0	0	0	0	0	0	0	0	0	62	0	0	0	0	0	0	0	0	0	0	0	0	34	0	0	0	0	0	0	0	
0	0	0	0	0	0	0	0	0	0	0	31	0	0	0	0	0	0	0	0	0	0	0	0	0	0	0	0	0	0	0	0	
0	31	0	0	0	0	120	0	0	0	0	0	0	0	0	0	0	0	0	0	0	0	0	0	0	0	0	0	0	0	0	0	
2	476	95	174	788	0	1101	4724	0	59	275	12	68	22	1	394	223	0	5942	70	194	7	0	10	0	8	1	55	791	0	396	40	
1	438	79	480	3892	171	425	127	0	1941	6000	4	0	38	0	2	0	0	1	4	4588	421	1	130	0	13	0	0	0	4	0	0	
1	96	0	36	66	176	308	0	0	0	0	0	0	0	0	0	0	0	0	0	165	153	0	0	0	0	0	0	0	0	1	0	
2332	2747	215	6174	3226	82	45	455	5002	2206	975	227	857	77	3379	39	225	136	13215	3677	1210	464	4879	1214	36494	12945	3664	286	1493	111	566	9689	
0	0	0	0	0	0	0	0	0	0	0	31	0	0	0	0	0	0	0	0	0	0	0	0	0	0	0	0	0	0	0	0	
0	34	0	0	0	0	0	0	0	0	0	0	0	0	0	0	0	0	0	0	41	0	0	0	0	0	0	0	0	0	0	0	
0	0	0	0	0	0	55	0	0	0	0	0	0	0	0	0	0	0	0	0	41	0	0	0	0	0	0	0	0	0	0	0	
0	0	0	0	0	0	56	0	0	0	0	0	0	0	0	0	0	0	0	0	40	0	0	0	0	0	0	0	0	0	0	0	
9	1706	5	2189	501	2	0	6126	3	62	1634	4	2600	3	1	1	21	0	4	1409	532	1	2	2980	85	4449	4	0	5158	0	11065	31	
0	0	0	0	0	0	0	38	0	0	0	0	0	0	0	0	0	0	0	0	0	0	0	0	68	0	0	0	0	0	0	0	
0	0	0	0	0	0	0	0	0	0	0	0	0	0	0	0	0	0	0	0	0	0	0	0	34	0	0	0	0	0	0	0	
0	0	0	0	0	0	0	0	0	0	0	0	0	1	0	0	0	0	0	0	0	0	0	0	33	0	0	0	0	0	0	0	
71	0	0	0	0	0	0	0	0	0	0	0	0	0	0	0	0	1	0	0	0	0	63	0	106	0	0	5	0	0	0	0	
0	0	0	43	0	0	0	76	1	0	0	61	0	0	0	0	0	0	0	24	0	0	0	0	33	0	40	0	0	0	0	0	
1	0	200	0	0	0	784	0	0	0	0	17	0	308	0	0	0	0	0	0	0	0	0	0	0	0	0	0	0	0	0	0	
3	0	8155	0	1	1	3903	1	0	0	0	1867	1	4665	0	0	0	0	0	0	0	70	0	0	0	1	0	0	0	0	0	1	
0	0	0	44	0	0	0	77	0	0	0	31	0	0	0	0	62	0	0	25	0	0	0	0	0	0	0	0	0	0	0	0	
0	0	0	54	0	0	0	38	0	0	0	62	0	0	0	0	0	0	0	49	0	0	0	0	0	0	0	0	0	0	0	0	
0	36	0	72	0	0	0	0	0	0	0	0	0	0	0	0	0	0	2	1	0	0	0	0	77	0	0	0	0	0	0	0	
0	0	0	0	0	0	0	0	0	0	0	0	0	0	0	83	0	0	0	0	0	0	0	0	0	1	0	23	0	0	0	0	
0	0	0	0	0	0	0	0	0	0	0	0	0	0	0	0	0	0	0	0	0	41	0	0	0	0	0	0	0	0	0	0	
0	0	0	0	0	0	0	0	0	0	0	62	0	0	0	0	0	0	0	0	0	0	0	0	0	0	0	0	0	0	0	0	
0	0	0	18	0	0	0	0	0	0	0	0	0	0	0	0	0	0	0	16	0	0	0	0	0	0	0	0	0	0	0	0	
0	8	0	16	143	0	0	33	0	0	0	0	0	0	0	0	0	0	0	3	129	0	0	0	0	1	0	0	0	0	0	0	
0	11	0	12	0	0	0	0	0	0	0	0	0	0	0	0	0	0	0	0	0	0	0	0	0	0	0	0	0	0	0	0	
0	99	0	120	155	0	0	47	0	1	999	0	0	0	0	0	0	0	0	8	121	68	0	0	0	2	0	0	0	0	0	0	
0	0	0	0	0	0	0	38	0	0	0	0	0	0	0	0	0	0	0	0	0	0	0	0	0	0	0	0	0	0	0	0	
0	0	0	0	0	0	43	0	0	0	0	0	187	0	0	0	0	0	0	0	0	1	0	0	0	0	0	0	0	0	1	0	
0	0	0	0	1	1	7	0	0	1	173	0	505	0	0	0	0	0	0	0	5	0	0	0	0	1	0	0	7	0	2076	0	
0	0	0	0	0	0	0	0	0	0	0	0	0	0	0	29	0	0	0	0	0	0	0	0	0	0	0	0	0	0	0	0	
0	0	0	0	0	0	0	0	0	0	0	0	0	0	0	29	0	0	0	0	0	0	0	0	0	0	0	0	0	0	0	0	
0	1	0	0	0	0	0	75	0	0	0	0	0	0	0	0	129	0	0	0	0	0	0	0	0	0	0	0	0	0	0	0	
5	0	114	0	0	15	82	8	5	57	0	4910	2	17054	1	69	841	4	0	0	1	65	1	2	0	0	84	2	0	3	0	45	
0	0	0	0	0	0	0	77	0	0	0	0	0	0	0	0	63	0	0	0	0	0	0	0	0	0	0	0	0	0	0	0	
4	0	0	0	0	19	0	1	1	0	0	0	0	0	77	0	1775	27	1	0	0	0	6	0	0	0	76	0	0	29	0	0	
0	0	0	37	0	0	0	0	0	0	0	0	0	0	0	0	0	0	0	0	0	41	0	0	0	0	0	0	0	0	0	0	
0	0	0	0	0	0	0	0	0	0	0	0	0	0	0	0	0	0	0	0	0	0	0	0	22	0	0	1	0	0	0	45	
0	0	0	0	0	0	0	0	0	2	0	0	0	211	0	0	0	0	0	0	0	0	0	0	0	0	0	0	0	0	0	0	
1	11	0	968	0	0	0	3	0	0	0	0	89	0	0	0	3	0	0	492	0	0	0	3	0	0	0	0	90	0	629	0	
0	0	0	0	0	0	0	0	0	0	0	0	1	0	0	0	0	0	0	0	0	0	0	0	0	0	0	0	22	0	0	0	
0	0	0	0	0	0	0	38	0	0	0	0	0	0	0	0	0	0	0	0	0	0	0	0	0	0	0	0	0	0	0	0	
0	0	0	0	0	0	0	0	0	0	0	0	0	0	0	0	0	0	0	0	0	0	0	0	68	0	0	0	0	0	0	0	
0	0	0	0	0	0	0	0	0	0	0	0	0	172	0	0	0	0	0	0	0	0	0	0	0	0	0	0	0	0	0	0	
0	0	0	0	0	0	0	0	0	0	0	0	0	172	0	0	0	0	0	0	0	0	0	0	0	0	0	0	0	0	0	0	
0	0	49	0	0	0	91	0	0	0	0	2	0	1933	0	0	0	0	0	0	0	0	0	0	0	0	0	0	0	0	0	0	
0	0	0	0	0	0	0	1	0	23	0	0	0	0	0	0	0	0	0	0	0	0	0	0	0	0	0	0	0	0	0	0	
0	0	0	0	0	0	0	0	0	24	0	0	0	0	0	0	0	0	0	0	0	0	0	0	0	0	0	0	0	0	0	0	
2	8	4	0	0	0	2	0	0	166	0	4	0	544	0	0	0	0	0	0	1	5	0	112	0	0	0	0	0	0	0	0	
0	0	0	0	0	0	0	0	0	13	0	0	0	0	0	0	0	0	0	0	0	0	0	0	0	0	0	0	0	0	0	0	
0	0	0	0	0	0	0	0	0	0	0	0	0	0	0	0	0	0	0	0	0	0	0	0	0	0	0	0	0	0	0	45	
0	0	0	0	0	0	0	38	0	0	0	0	0	0	0	0	0	0	0	0	0	0	0	0	0	0	0	0	0	0	0	0	
1	0	0	74	0	0	0	0	0	0	0	61	0	1	0	0	0	1	0	63	0	0	0	0	101	0	0	0	0	0	0	0	
0	0	0	0	0	166	0	0	0	0	0	0	0	0	0	0	0	0	0	0	0	0	0	0	0	0	0	0	0	0	0	0	
0	0	0	0	0	0	0	0	0	0	34	0	0	0	0	0	0	0	0	0	0	1	0	0	0	0	0	0	0	0	0	0	
0	0	0	0	0	0	0	0	0	0	0	31	0	0	0	0	0	0	0	0	0	0	0	0	34	0	0	0	0	0	0	0	
0	0	0	0	0	0	0	0	0	0	33	0	0	0	0	0	0	0	0	0	0	2	0	0	0	0	0	0	0	0	0	0	
0	0	0	0	0	195	0	0	0	0	0	0	0	0	0	0	0	0	0	0	0	12	0	0	0	0	0	0	0	0	0	0	
0	0	0	0	0	0	0	0	0	0	0	31	0	0	0	0	0	0	0	0	0	0	0	0	34	0	0	0	0	0	0	0	
0	3	0	0	0	0	0	0	1	1	3	0	0	0	0	0	0	0	0	133	0	0	0	1734	48	0	0	0	0	0	0	13	
0	0	0	0	0	0	0	0	0	0	0	0	0	0	0	0	0	0	0	0	0	0	0	0	34	0	0	0	0	0	0	0	
0	0	0	0	0	0	0	0	0	0	0	20	0	0	0	0	0	0	0	0	0	0	0	0	0	0	0	0	0	0	0	0	
0	0	0	0	0	0	0	0	0	0	0	23	0	0	0	0	0	0	0	0	0	0	0	0	0	0	0	0	0	0	0	0	
0	0	0	16	0	0	0	0	0	0	0	31	0	0	0	0	0	0	0	18	0	0	0	0	0	0	0	0	0	0	0	0	
0	0	0	0	1	0	0	0	0	0	0	61	0	0	0	0	0	0	0	0	0	0	0	0	0	0	0	0	0	0	0	0	
0	0	0	0	0	0	0	0	0	0	0	23	0	0	0	0	0	0	0	0	0	0	0	0	0	0	0	0	0	0	0	0	
0	0	0	0	1	0	1	0	0	0	0	0	1	0	0	0	0	0	0	0	0	0	1	0	0	0	74	0	158	0	0	0	
0	0	0	0	0	0	0	0	0	0	0	0	0	0	0	1	0	0	87	0	0	0	0	0	0	0	0	0	0	0	0	0	
0	0	0	37	66	0	0	0	0	0	0	0	0	0	0	0	0	0	0	0	0	0	0	0	0	0	0	0	0	0	0	0	
0	0	200	0	0	0	0	0	0	0	0	0	0	0	0	0	0	0	0	0	0	0	0	0	0	0	0	0	0	0	0	0	
0	0	0	0	0	0	0	0	0	0	0	0	1	0	0	0	0	0	0	0	0	0	0	0	0	0	76	0	79	0	0	0	
0	0	25	0	0	0	0	0	0	0	0	0	0	0	0	0	0	0	0	0	0	0	0	0	0	0	0	0	0	0	0	0	
0	0	25	0	0	0	0	0	0	0	0	0	0	0	0	0	0	0	0	0	0	0	0	0	0	0	0	0	0	0	0	0	
0	0	0	0	0	0	0	0	0	0	0	0	0	0	0	0	0	0	0	0	0	0	0	0	0	0	38	0	0	0	0	0	
6	0	0	0	0	3	0	0	9	0	0	0	3	0	1408	0	1	7	0	0	0	0	1	0	0	1	1173	0	272	14	6	0	
0	0	0	0	12	0	0	0	0	0	20	0	0	0	0	0	0	0	0	0	0	0	0	0	0	0	0	0	0	0	0	0	
0	0	1	0	203	0	0	3	0	42	104	0	1	0	0	0	0	0	0	0	36	1	0	0	0	0	0	0	800	0	4	0	
