-2968.7877923714
-2806.4736774365
-2757.6363726020
-2740.9319536235
-2663.9957832158
-2625.2461057970
-2587.1215063886
-2573.8147890855
-2575.3541728615
-2592.2696719848
-2576.8566263937
-2585.1398884229
-2588.8414337732
-2588.8414337732
-2579.7540812081
-2552.0554297452
-2535.7793556152
-2535.7793556152
-2533.1602352800
-2524.7355984192
-2524.7355984192
-2527.6466918523
-2511.7589227997
-2495.0123087811
-2488.8166228915
-2488.8166228915
-2488.8166228915
-2488.8166228915
-2488.8166228915
-2488.8166228915
-2488.8166228915
-2488.8166228915
-2488.8166228915
-2488.8166228915
-2495.0123087811
-2488.8166228915
-2488.8166228915
-2488.8166228915
-2488.8166228915
-2488.8166228915
-2488.8166228915
-2488.8166228915
-2488.8166228915
-2488.8166228915
-2488.8166228915
-2488.8166228915
-2488.8166228915
-2488.8166228915
-2488.8166228915
-2488.8166228915
