0	0	1	0	
0	215	0	0	
0	0	27	15	
1	0	0	1	
0	0	0	0	
0	0	1	26	
32	0	44	0	
0	0	0	20	
3	0	49	16	
2	0	0	0	
6	0	0	2	
0	0	0	0	
1	0	1	0	
11	80	0	15	
3	0	29	1	
0	0	0	0	
0	0	0	0	
1	0	3	0	
0	0	0	0	
8	0	0	9	
0	0	0	0	
0	0	0	0	
0	0	0	0	
0	1	38	10	
0	0	0	0	
3	0	17	18	
0	0	0	1	
0	1	12	0	
0	0	1	0	
0	0	2	3	
0	0	0	0	
0	0	0	0	
0	0	0	0	
1	200	1	29	
0	100	17	24	
3	0	0	0	
0	0	0	0	
0	0	0	0	
31	0	0	0	
3	0	1	5	
0	0	5	0	
2	0	35	4	
0	0	0	0	
12	0	0	0	
1	0	0	0	
0	323	0	8	
0	0	0	0	
0	0	46	12	
0	0	1	0	
0	0	0	0	
0	0	0	0	
0	0	0	3	
0	0	0	0	
0	0	0	0	
0	0	0	0	
0	102	0	8	
0	0	29	0	
20	0	0	0	
1	0	0	0	
0	0	0	0	
0	0	0	0	
0	0	0	0	
0	0	4	0	
0	0	0	2	
0	0	0	0	
3	0	8	0	
1	0	0	0	
49	0	43	39	
5	0	0	16	
0	0	0	0	
0	0	4	0	
0	0	0	0	
0	0	0	2	
1	0	0	1	
12	0	20	0	
0	0	0	4	
0	0	0	16	
0	0	0	0	
0	0	0	30	
0	0	0	0	
0	0	0	0	
0	0	0	0	
0	80	30	39	
0	0	0	0	
0	0	0	0	
1	196	1	42	
0	0	0	0	
0	0	2	0	
6	0	70	131	
0	0	0	0	
13	0	0	0	
0	0	3	0	
0	0	47	2	
0	0	1	2	
0	0	5	0	
0	0	0	0	
0	0	0	0	
12	0	47	0	
0	0	0	0	
0	0	10	0	
2	0	0	34	
0	0	0	0	
0	0	0	0	
0	101	13	0	
0	0	0	0	
13	0	7	0	
1	0	6	0	
5	0	0	8	
37	0	2	63	
0	0	0	18	
0	0	0	0	
0	3	0	2	
0	0	0	4	
0	0	8	10	
2	4	1	6	
7	0	0	0	
11	0	0	2	
0	0	1	0	
0	0	0	0	
0	0	0	0	
0	0	0	10	
0	0	8	0	
0	0	0	0	
9	0	33	36	
0	0	0	0	
0	0	0	0	
0	0	14	0	
0	0	0	0	
0	211	3	0	
0	0	0	0	
1	0	6	80	
0	0	10	40	
0	0	0	0	
0	0	3	8	
0	0	0	0	
0	0	0	0	
11	0	4	1	
18	0	0	0	
1	0	0	11	
17	0	40	0	
4	0	0	0	
0	0	29	9	
0	0	0	0	
4	0	39	13	
0	0	0	0	
6	0	1	5	
0	0	0	0	
20	0	0	0	
0	0	9	40	
0	0	0	2	
3	0	0	0	
0	0	0	0	
1	0	0	0	
2	0	0	92	
0	88	2	45	
74	0	0	108	
0	74	58	125	
0	0	0	0	
0	0	1	0	
0	7	4	1	
0	0	15	31	
55	0	5	44	
40	0	17	6	
0	0	0	12	
0	0	51	22	
0	0	0	0	
3	0	2	0	
0	0	0	0	
0	0	0	21	
0	0	0	0	
0	0	17	62	
1	0	26	1	
0	0	2	0	
46	0	0	0	
0	0	0	0	
0	0	0	0	
0	0	0	0	
0	0	1	11	
2	0	0	4	
0	208	0	0	
0	0	0	0	
0	0	0	0	
0	0	0	27	
4	0	0	32	
0	0	0	46	
0	0	7	0	
0	0	0	6	
12	0	0	7	
35	0	0	1	
0	321	0	0	
0	0	0	0	
0	0	29	70	
10	0	38	0	
0	1	0	1	
0	0	0	0	
0	0	0	0	
0	0	7	9	
3	0	0	29	
18	0	32	0	
0	0	28	18	
0	112	27	0	
4	0	0	0	
12	0	0	2	
0	0	0	0	
6	0	53	14	
0	0	3	2	
0	0	0	0	
0	0	0	0	
0	1	5	0	
0	0	1	7	
0	0	0	0	
19	0	1	8	
0	0	3	0	
0	0	0	0	
0	0	0	0	
0	0	0	0	
0	0	0	7	
0	0	1	0	
0	0	0	0	
0	0	0	0	
0	0	1	1	
0	0	0	17	
0	0	0	0	
0	0	0	3	
0	0	42	35	
0	0	2	6	
0	0	0	0	
0	0	0	0	
0	0	0	0	
0	0	0	0	
0	0	0	22	
0	0	0	0	
0	0	0	0	
0	0	0	8	
0	0	37	0	
0	105	0	0	
0	0	0	0	
0	4	0	0	
0	0	0	0	
0	0	1	19	
0	0	0	8	
0	0	0	0	
0	0	0	8	
0	0	0	0	
0	0	0	0	
0	0	0	8	
0	0	0	0	
0	0	0	4	
0	0	0	5	
0	0	0	0	
0	0	0	0	
16	0	0	0	
0	0	0	0	
0	0	1	6	
7	0	0	24	
0	0	4	0	
0	105	0	0	
0	38	124	80	
0	0	0	69	
0	0	1	0	
0	0	0	0	
0	0	0	0	
0	0	0	0	
1	0	3	0	
0	0	0	0	
0	0	43	0	
0	0	0	0	
0	0	0	0	
0	0	0	1	
60	0	48	0	
0	0	0	31	
0	0	0	0	
0	0	0	0	
0	1	0	0	
0	5	10	3	
0	0	3	0	
3	0	0	0	
0	0	19	30	
4	3	15	0	
0	0	0	0	
0	0	74	8	
0	0	2	0	
7	208	8	0	
0	0	0	0	
0	214	22	0	
21	0	0	27	
0	0	1	0	
0	0	0	1	
0	110	0	0	
0	0	0	0	
0	0	0	3	
0	0	0	40	
0	0	0	5	
0	0	42	2	
7	0	0	0	
0	1	2	0	
9	0	0	25	
0	2	0	0	
0	0	0	0	
0	91	0	17	
0	1	0	8	
0	0	33	0	
1	0	25	0	
0	0	0	17	
0	0	1	0	
0	80	18	65	
0	0	0	0	
0	0	0	19	
0	0	0	0	
0	0	0	83	
3	0	5	5	
0	0	7	1	
0	192	0	23	
0	0	0	0	
8	3	0	1	
0	0	0	0	
34	1	17	0	
0	0	2	0	
0	1	0	0	
7	0	0	10	
0	85	49	6	
7	0	0	0	
9	0	0	0	
1	315	0	1	
0	0	1	37	
1	0	15	0	
0	0	6	0	
0	0	0	8	
0	104	0	0	
0	72	50	32	
0	0	0	0	
5	0	2	0	
0	0	0	0	
0	0	0	15	
0	0	1	0	
0	0	0	0	
0	0	14	4	
0	103	0	7	
0	1	0	0	
0	110	0	0	
0	0	1	8	
0	3	0	0	
0	0	0	14	
12	0	0	8	
0	0	0	2	
0	7	0	5	
0	0	4	0	
0	0	0	0	
23	0	3	75	
0	90	0	28	
0	104	0	3	
0	1	0	0	
0	0	0	0	
0	0	0	0	
27	1	7	0	
4	0	0	1	
0	0	0	0	
0	0	27	0	
1	0	0	0	
1	1	0	30	
0	0	0	0	
3	0	0	20	
0	0	0	0	
5	0	41	44	
19	0	18	13	
21	0	0	0	
0	0	0	0	
1	0	10	0	
0	0	18	15	
0	0	0	16	
0	0	1	0	
0	0	0	0	
0	0	0	0	
0	0	0	0	
85	0	82	0	
4	0	18	0	
0	0	1	0	
1	0	1	1	
0	0	0	0	
11	0	0	7	
0	0	4	0	
0	0	5	0	
0	0	1	0	
0	0	0	0	
7	0	19	0	
58	184	14	14	
0	0	11	0	
0	0	17	0	
0	0	0	0	
0	0	0	1	
1	190	16	20	
1	106	0	10	
0	0	0	0	
0	1	12	0	
0	94	0	15	
6	219	0	6	
0	0	0	0	
10	0	6	0	
4	0	1	0	
0	0	0	0	
5	0	3	2	
0	0	0	0	
0	0	0	0	
0	0	11	33	
0	0	0	0	
1	0	0	0	
46	0	82	10	
1	0	0	0	
0	1	11	10	
0	0	3	0	
0	0	0	9	
14	0	0	12	
33	0	0	1	
0	100	0	4	
0	0	0	0	
1	105	0	25	
1	0	8	0	
0	0	0	0	
6	0	34	0	
0	0	0	5	
0	0	0	0	
0	0	0	0	
0	0	2	0	
29	0	0	4	
0	0	2	0	
0	0	5	0	
0	0	0	0	
0	0	0	0	
0	1	0	0	
0	1	12	0	
29	0	2	24	
4	2	0	0	
0	0	0	8	
11	0	1	21	
0	0	0	0	
0	0	1	0	
0	0	1	0	
0	0	3	32	
0	0	0	0	
0	0	0	0	
0	0	2	0	
0	0	0	0	
0	0	0	0	
1	0	9	84	
2	0	0	2	
0	0	0	4	
0	0	10	4	
0	0	0	5	
0	209	0	1	
1	0	0	0	
0	0	0	0	
8	0	0	0	
0	0	2	19	
0	0	0	0	
0	214	4	0	
0	0	0	0	
4	0	1	18	
0	0	0	0	
0	0	0	0	
0	0	22	4	
0	0	0	3	
0	107	2	0	
2	0	0	0	
0	0	11	1	
0	0	0	0	
1	0	0	8	
0	0	1	16	
0	0	0	66	
26	0	13	0	
0	0	0	27	
2	0	0	14	
0	0	4	0	
0	0	0	0	
6	102	6	0	
0	2	0	3	
0	0	0	6	
0	0	0	0	
0	0	0	0	
0	0	0	0	
0	0	0	26	
4	0	1	5	
28	0	11	10	
0	101	1	3	
0	0	0	0	
0	0	0	1	
0	0	2	0	
0	0	0	0	
0	3	0	0	
18	0	0	2	
0	187	21	49	
0	0	0	0	
0	0	0	0	
0	0	1	2	
1	0	7	21	
0	0	5	0	
0	0	0	67	
0	0	5	15	
47	82	19	55	
0	212	0	0	
0	0	0	0	
0	0	0	0	
1	0	17	0	
1	0	4	0	
0	0	0	20	
0	0	0	0	
0	0	14	0	
1	0	0	0	
0	1	3	0	
0	0	0	0	
0	108	1	0	
0	0	0	0	
0	0	0	0	
0	0	0	0	
0	0	0	0	
0	90	0	33	
0	0	1	0	
0	0	0	14	
0	0	0	0	
0	214	0	3	
0	0	7	0	
0	0	0	10	
14	0	10	6	
0	108	0	0	
0	0	0	0	
0	0	0	10	
5	99	0	0	
0	0	0	0	
0	0	14	3	
0	105	26	11	
0	0	0	24	
10	0	0	0	
0	0	0	0	
0	0	0	23	
2	0	0	0	
0	0	2	0	
0	0	0	0	
0	0	0	0	
0	0	0	4	
0	0	0	0	
6	0	0	0	
0	0	0	0	
3	0	0	17	
0	0	0	3	
0	0	1	0	
0	0	0	0	
0	0	0	0	
2	0	27	2	
2	0	20	4	
0	0	0	0	
0	0	0	0	
18	80	22	30	
0	115	7	0	
0	0	7	116	
0	3	0	8	
0	0	4	0	
0	0	0	0	
0	0	50	40	
0	0	1	0	
0	0	1	0	
0	0	0	2	
0	0	0	2	
0	0	3	0	
0	0	0	0	
1	0	4	0	
9	0	0	4	
0	0	2	0	
0	0	0	0	
0	0	16	3	
0	0	0	0	
2	109	0	9	
0	0	0	0	
0	93	0	16	
0	99	45	0	
0	1	0	0	
0	0	0	0	
7	0	2	0	
56	74	11	51	
0	0	2	0	
11	186	0	34	
6	0	35	64	
0	0	0	28	
0	0	0	20	
0	0	0	0	
0	0	0	11	
0	0	3	0	
0	0	0	0	
0	0	1	0	
6	0	0	0	
0	106	0	4	
0	0	0	0	
0	0	8	35	
0	0	26	0	
2	0	9	16	
0	0	2	11	
0	0	0	0	
1	0	26	0	
0	0	0	22	
0	0	8	0	
17	251	0	129	
0	106	6	0	
0	0	29	4	
52	0	14	21	
0	0	0	0	
5	0	0	0	
13	0	4	1	
0	0	0	0	
0	4	0	0	
0	0	0	11	
2	0	0	22	
0	0	0	1	
0	0	13	0	
0	0	0	0	
0	0	0	0	
24	0	108	19	
1	0	0	0	
0	0	0	0	
0	325	9	9	
0	0	0	1	
0	0	0	28	
0	0	0	1	
0	0	0	0	
0	0	0	1	
65	0	2	19	
0	0	7	4	
0	0	0	0	
1	117	0	1	
20	0	5	0	
0	0	5	0	
0	0	0	0	
1	0	15	8	
0	0	32	2	
0	0	21	1	
0	1	0	0	
0	0	0	0	
72	0	38	40	
0	0	9	9	
5	105	1	0	
3	0	0	0	
0	0	8	0	
0	0	0	0	
0	0	7	1	
2	0	0	0	
54	0	47	0	
0	0	0	0	
0	0	0	0	
0	0	2	2	
0	0	0	0	
4	0	0	0	
0	0	0	0	
0	0	0	0	
42	0	53	0	
0	0	0	1	
0	100	1	5	
0	0	0	0	
5	0	1	3	
0	0	152	0	
0	0	0	0	
1	0	5	12	
0	0	0	0	
0	103	1	0	
0	2	0	1	
0	0	0	0	
0	0	0	3	
0	0	0	1	
0	0	0	13	
0	0	0	0	
0	170	8	87	
86	0	25	3	
2	0	16	0	
0	0	1	0	
1	0	34	0	
0	0	0	0	
0	0	0	0	
0	0	0	0	
0	0	0	0	
0	0	0	42	
1	4	1	0	
0	81	0	76	
0	0	0	1	
0	0	0	0	
0	0	15	0	
0	0	0	0	
0	0	3	0	
0	0	0	0	
0	0	0	0	
0	0	7	0	
28	0	4	0	
0	1	0	0	
0	0	0	4	
0	0	0	1	
0	0	0	0	
0	0	12	0	
2	0	24	36	
0	0	0	0	
0	2	0	2	
0	0	0	0	
5	0	0	0	
0	0	0	3	
0	0	0	1	
0	0	24	3	
0	0	4	10	
10	0	13	0	
0	0	0	0	
0	0	0	1	
10	2	1	11	
0	0	0	0	
0	0	0	0	
1	0	0	1	
0	0	0	0	
1	0	4	4	
0	0	0	0	
0	0	7	5	
0	0	45	0	
0	0	0	0	
0	0	0	0	
0	0	43	12	
0	0	0	0	
0	0	0	1	
0	0	0	0	
0	0	0	0	
0	0	1	0	
0	0	0	0	
2	0	0	0	
0	0	0	28	
13	0	31	0	
21	0	0	7	
2	0	2	0	
0	1	0	12	
0	0	0	6	
0	1	3	3	
5	0	0	0	
0	0	3	0	
46	0	2	21	
0	0	8	74	
0	0	0	6	
0	0	0	0	
0	0	1	10	
5	0	17	8	
26	0	16	0	
0	0	0	0	
0	0	0	0	
0	0	0	0	
0	0	2	125	
0	0	26	9	
0	0	0	0	
0	0	0	8	
0	0	0	15	
13	0	12	0	
0	0	0	0	
0	0	2	0	
0	0	0	0	
2	0	0	63	
0	0	0	0	
0	118	0	1	
0	0	0	0	
0	0	0	11	
6	0	8	0	
0	0	0	0	
0	92	8	25	
0	0	0	0	
0	0	0	0	
6	0	11	70	
0	0	21	6	
0	87	0	81	
0	2	4	0	
0	0	0	0	
0	0	0	3	
0	0	0	0	
0	0	0	1	
0	0	0	0	
0	0	2	0	
0	0	7	75	
0	0	0	0	
0	0	16	16	
0	0	0	0	
10	0	0	7	
0	0	0	0	
0	0	0	0	
0	0	0	0	
4	0	1	0	
9	0	0	1	
0	106	0	0	
0	0	0	0	
0	0	0	64	
0	0	0	0	
1	0	1	0	
0	0	0	0	
0	0	1	0	
0	5	13	4	
0	0	0	0	
0	0	22	0	
0	0	0	4	
0	0	0	0	
0	0	0	0	
0	0	0	0	
0	0	4	0	
0	0	18	0	
0	0	0	0	
4	0	4	0	
0	0	0	0	
0	0	3	0	
0	0	0	12	
28	0	20	9	
0	0	2	0	
0	0	0	0	
0	0	0	0	
0	0	0	0	
0	0	19	29	
0	0	0	2	
0	0	0	0	
1	0	0	0	
0	209	0	0	
0	0	0	6	
0	202	0	14	
0	0	0	37	
0	0	7	11	
22	0	0	83	
0	105	0	3	
0	0	0	0	
1	0	9	32	
5	0	1	50	
15	0	0	0	
0	0	4	0	
0	0	1	0	
0	1	3	0	
0	0	0	0	
20	0	0	7	
24	0	0	0	
0	0	1	2	
1	0	11	0	
0	0	12	23	
2	0	36	12	
0	0	0	0	
0	0	0	0	
0	0	2	0	
0	0	0	0	
0	0	0	0	
0	1	0	0	
0	0	0	4	
0	0	0	0	
0	1	0	0	
0	0	6	0	
0	101	11	1	
5	0	1	87	
3	0	0	11	
0	0	0	0	
0	0	0	22	
0	0	5	20	
0	0	0	3	
0	0	13	13	
0	277	22	54	
0	0	1	0	
12	0	28	2	
2	0	0	0	
0	0	0	1	
0	0	0	10	
0	0	0	0	
0	0	0	2	
0	0	11	2	
0	0	0	0	
0	0	2	0	
0	0	0	0	
52	89	0	4	
9	0	0	0	
0	0	0	0	
0	3	1	0	
0	162	71	156	
0	82	1	59	
0	0	0	0	
0	0	0	3	
39	0	0	0	
2	5	0	0	
0	0	3	0	
4	0	1	0	
0	0	0	0	
0	1	0	0	
0	0	1	0	
0	0	0	1	
0	0	0	0	
1	0	1	1	
15	0	0	14	
4	0	0	0	
6	0	1	1	
0	0	7	4	
1	0	29	132	
0	0	0	2	
0	0	0	0	
0	0	1	0	
0	0	0	5	
0	117	2	0	
0	0	0	0	
0	0	3	42	
3	0	23	0	
1	0	4	6	
0	0	0	0	
0	0	0	0	
0	0	0	0	
0	0	0	0	
0	0	0	12	
12	0	2	0	
0	0	0	0	
0	0	0	6	
0	0	0	1	
0	0	2	4	
0	0	0	0	
0	0	0	0	
0	0	0	0	
0	0	23	0	
35	0	107	13	
0	0	0	0	
0	0	4	0	
0	0	0	0	
0	105	0	0	
0	0	0	2	
0	113	0	0	
0	0	1	0	
1	1	7	0	
0	0	0	0	
11	0	3	0	
0	0	38	33	
14	0	0	0	
1	0	7	0	
0	0	1	0	
0	0	0	2	
1	0	0	0	
0	0	5	0	
0	0	0	0	
0	0	0	0	
0	0	2	31	
0	0	0	0	
5	0	0	37	
0	0	9	0	
0	0	1	0	
27	203	21	0	
0	0	0	9	
0	0	1	6	
0	0	0	0	
0	107	0	0	
0	0	0	0	
0	0	0	0	
0	0	0	12	
0	0	0	0	
0	0	0	0	
0	0	0	23	
0	1	0	8	
0	101	0	3	
33	205	16	3	
45	76	12	51	
0	0	0	0	
0	0	0	0	
5	0	2	0	
16	0	1	72	
0	0	16	0	
0	0	0	26	
0	0	4	0	
0	0	1	0	
0	0	0	0	
1	0	27	3	
0	0	2	1	
0	0	0	0	
0	104	3	1	
0	0	0	0	
0	0	1	0	
2	0	0	45	
11	0	29	9	
0	0	0	0	
2	0	2	1	
0	0	0	0	
0	0	0	0	
0	0	9	0	
0	209	5	35	
0	0	2	0	
0	0	0	13	
0	0	0	8	
0	0	0	46	
2	0	7	0	
0	1	0	2	
0	0	50	7	
1	1	0	14	
6	0	0	1	
24	0	1	4	
0	0	3	24	
0	0	0	0	
2	1	0	0	
2	0	0	0	
0	0	0	0	
11	0	0	35	
1	0	0	8	
0	0	0	0	
0	0	0	22	
1	116	18	1	
0	0	0	0	
0	0	0	0	
1	0	0	26	
0	0	0	4	
0	1	0	0	
0	0	0	0	
38	0	0	0	
0	0	0	0	
9	0	3	17	
0	0	5	0	
0	0	0	0	
0	0	0	0	
2	0	0	0	
0	0	0	0	
0	0	0	0	
1	0	0	0	
3	92	50	3	
0	0	0	0	
5	0	0	31	
0	0	3	0	
0	0	0	0	
0	0	2	0	
0	0	0	0	
0	0	9	10	
0	0	0	3	
0	0	0	0	
32	0	6	12	
0	0	0	0	
0	0	0	4	
0	1	0	0	
0	0	23	12	
0	0	0	0	
0	0	0	4	
0	1	5	10	
41	74	34	49	
41	106	0	0	
0	0	0	0	
2	0	0	6	
0	0	0	0	
1	206	1	4	
0	0	0	1	
0	104	0	0	
1	0	0	0	
11	0	0	0	
0	0	0	0	
0	0	0	3	
0	0	12	0	
0	0	1	2	
1	107	0	0	
0	0	1	0	
0	0	0	0	
4	0	5	0	
1	101	1	2	
0	0	0	0	
0	0	8	47	
3	113	9	7	
0	0	0	0	
3	0	29	7	
0	0	1	0	
0	0	0	0	
0	0	0	0	
0	209	0	0	
0	1	0	0	
0	0	0	1	
0	0	0	0	
1	0	0	0	
0	211	0	0	
0	0	0	9	
4	0	0	5	
0	0	0	6	
10	0	2	0	
0	0	0	0	
0	0	10	0	
0	104	0	0	
0	0	0	0	
7	0	1	2	
0	0	0	5	
0	0	0	3	
0	0	0	1	
0	0	1	0	
0	0	0	6	
26	0	6	0	
0	214	0	0	
0	0	0	0	
5	0	23	36	
0	0	0	18	
0	0	0	0	
0	0	0	0	
0	0	4	0	
1	0	2	0	
0	0	0	3	
0	0	0	33	
1	0	0	0	
0	0	0	11	
0	0	1	0	
0	0	0	0	
0	260	0	116	
162	98	251	221	
0	0	0	0	
0	0	0	0	
0	0	4	0	
0	0	0	0	
2	0	2	0	
0	104	0	0	
1	0	0	0	
0	318	8	3	
0	0	0	0	
0	0	1	0	
0	92	0	14	
0	100	1	4	
1	0	1	0	
0	0	2	0	
0	0	0	0	
0	0	1	0	
0	104	4	1	
0	0	5	9	
0	0	0	0	
0	0	5	8	
0	0	0	0	
0	0	0	0	
0	0	0	0	
0	0	5	34	
0	0	5	0	
0	0	0	13	
0	0	0	0	
0	0	0	0	
0	0	5	0	
0	0	0	5	
6	0	0	3	
0	0	0	0	
0	0	0	0	
0	0	0	0	
0	0	0	1	
0	109	0	0	
1	0	0	4	
4	0	0	4	
8	110	0	0	
0	1	0	0	
0	0	0	1	
0	0	0	5	
0	0	0	0	
0	0	0	0	
34	1	0	34	
0	0	0	3	
2	0	0	0	
0	0	1	0	
2	2	0	2	
0	0	0	0	
34	0	2	0	
0	0	1	0	
3	0	0	31	
2	0	0	6	
0	0	45	0	
2	0	0	0	
0	103	0	4	
0	0	3	5	
0	0	7	0	
0	0	0	1	
0	0	0	3	
0	0	5	0	
0	104	2	2	
34	0	0	17	
0	0	0	0	
0	3	0	2	
1	0	8	0	
0	0	1	0	
2	0	2	0	
0	1	0	0	
8	0	8	0	
0	0	0	0	
29	0	133	18	
0	0	0	0	
0	0	0	2	
0	0	0	0	
0	0	0	0	
0	210	0	0	
0	0	81	38	
0	0	0	1	
0	0	63	0	
0	110	14	0	
0	0	0	22	
0	0	4	0	
0	0	0	0	
2	0	0	0	
0	0	0	0	
8	0	2	0	
0	0	0	0	
0	1	0	0	
0	0	10	0	
2	0	0	0	
17	75	2	51	
0	0	2	0	
0	0	0	0	
0	0	0	10	
0	0	0	1	
2	0	0	5	
0	0	0	18	
0	0	0	0	
0	0	5	0	
0	0	0	0	
0	0	0	0	
0	0	0	15	
0	0	0	0	
0	1	0	0	
1	0	0	2	
0	0	7	3	
3	0	0	3	
0	0	0	0	
27	0	4	0	
0	0	0	0	
0	0	0	0	
0	0	0	16	
17	0	1	5	
0	0	0	27	
0	0	0	55	
11	0	0	0	
0	0	0	0	
0	0	14	0	
0	108	6	0	
0	0	0	20	
14	0	0	16	
0	187	0	45	
0	0	0	0	
0	0	0	1	
12	0	104	13	
0	0	0	1	
0	0	11	0	
0	0	0	0	
0	0	0	2	
0	0	0	0	
0	0	0	0	
0	0	0	0	
0	0	6	36	
0	74	30	116	
4	193	0	33	
0	0	0	1	
0	0	0	0	
4	0	0	8	
0	0	0	0	
1	0	23	22	
0	0	0	0	
0	0	48	0	
0	0	2	0	
0	0	0	2	
0	0	0	2	
0	0	0	0	
0	0	0	5	
0	93	0	16	
0	0	0	0	
0	226	7	0	
0	0	0	6	
18	0	0	0	
0	0	0	0	
0	0	0	0	
0	0	0	0	
2	102	0	0	
0	0	0	0	
0	0	0	75	
0	0	0	2	
0	0	0	65	
0	0	6	0	
46	91	14	0	
17	0	20	0	
4	0	8	29	
0	0	0	0	
0	0	6	0	
0	0	15	0	
0	0	3	0	
0	0	0	0	
0	0	0	0	
11	0	13	0	
0	0	1	0	
0	0	0	0	
0	0	0	4	
33	92	27	4	
0	0	0	0	
4	0	0	0	
0	0	0	0	
3	0	0	0	
0	0	0	0	
0	0	0	0	
0	0	0	0	
0	0	0	0	
0	0	8	3	
0	0	0	0	
0	0	0	0	
0	0	1	0	
32	0	0	0	
0	0	15	0	
0	0	0	10	
0	0	26	9	
0	0	3	0	
7	0	0	0	
0	1	7	45	
3	0	0	7	
85	0	0	0	
0	0	0	47	
0	0	0	0	
0	1	3	0	
1	0	0	0	
0	0	0	0	
0	0	0	4	
0	0	0	24	
0	3	0	0	
19	0	0	23	
0	0	0	4	
0	0	0	0	
0	0	0	0	
0	0	13	0	
0	0	0	0	
2	0	0	0	
0	0	0	0	
13	0	3	0	
0	0	0	0	
0	0	0	0	
0	0	0	0	
0	0	0	0	
0	102	0	8	
10	0	0	0	
0	0	21	50	
0	88	0	23	
5	0	2	0	
0	0	0	0	
0	109	37	0	
1	0	6	2	
1	0	0	0	
20	0	32	8	
0	0	0	2	
0	0	0	0	
0	0	1	1	
0	0	0	1	
0	0	0	14	
0	0	0	0	
0	0	0	4	
0	0	0	0	
0	106	0	1	
0	0	0	0	
0	0	0	0	
0	0	0	7	
0	0	0	0	
7	0	0	14	
0	0	2	1	
0	0	15	0	
0	0	0	1	
0	0	32	0	
0	0	0	0	
0	0	0	0	
0	0	0	0	
4	0	0	0	
0	0	0	0	
0	0	1	0	
0	0	80	0	
0	0	0	0	
0	0	0	0	
0	0	20	23	
0	0	0	0	
1	0	0	0	
36	0	0	0	
0	2	3	0	
0	0	4	0	
0	0	0	0	
0	0	0	0	
0	0	0	0	
11	0	92	10	
0	0	18	45	
0	0	0	0	
5	0	9	0	
3	0	2	12	
0	0	0	0	
0	0	0	0	
0	0	2	0	
3	0	6	0	
0	0	4	0	
0	0	6	0	
49	0	63	0	
4	0	0	1	
2	1	0	1	
30	0	54	0	
0	0	55	52	
0	1	0	0	
2	0	0	48	
0	0	3	22	
0	0	0	0	
0	0	0	10	
0	0	0	0	
5	0	16	0	
0	2	0	0	
0	0	2	0	
0	0	0	2	
0	0	1	70	
0	0	0	14	
32	0	2	1	
3	0	0	0	
0	0	0	0	
0	87	0	74	
0	219	0	0	
0	89	0	35	
0	109	13	0	
0	0	0	0	
0	0	1	5	
25	0	1	0	
1	0	0	0	
0	0	1	0	
7	0	2	2	
0	0	0	0	
0	0	0	0	
27	0	3	45	
2	0	2	0	
1	0	38	9	
4	0	0	0	
2	0	51	27	
37	0	13	2	
3	0	2	0	
2	0	3	22	
0	0	6	0	
0	0	5	38	
0	0	0	0	
0	0	0	0	
0	0	0	0	
0	0	3	2	
2	0	6	0	
0	0	0	0	
0	0	0	0	
0	0	0	22	
48	0	13	10	
0	211	4	0	
2	0	2	78	
0	0	0	2	
10	0	6	0	
6	0	0	101	
0	0	0	5	
13	0	6	2	
0	114	0	5	
0	0	1	0	
0	0	0	0	
1	0	0	1	
0	0	0	17	
0	0	0	0	
0	0	10	20	
0	0	0	0	
0	0	2	0	
0	1	0	0	
0	0	0	0	
0	0	0	0	
0	0	6	3	
0	92	0	16	
0	0	74	5	
3	0	8	0	
0	0	0	0	
0	1	0	12	
0	0	7	0	
0	0	0	0	
0	0	0	0	
0	0	0	0	
0	0	26	0	
0	1	0	0	
6	0	0	0	
1	0	0	0	
0	1	6	0	
10	0	0	1	
0	0	0	0	
0	101	0	6	
0	0	0	1	
1	0	1	8	
0	0	1	24	
0	0	1	34	
0	0	0	0	
0	0	0	0	
0	0	49	0	
0	0	45	10	
0	0	0	73	
0	0	0	0	
0	0	0	0	
0	0	5	20	
7	0	0	0	
1	0	3	1	
0	0	0	17	
0	0	0	0	
0	0	172	137	
9	0	20	5	
3	87	0	39	
0	0	33	0	
29	0	0	30	
0	0	27	0	
21	0	27	0	
0	0	0	0	
0	0	3	0	
0	0	0	0	
2	0	0	2	
0	0	0	0	
20	0	3	1	
4	0	0	0	
0	0	2	0	
3	0	0	1	
9	0	0	0	
0	0	0	20	
3	0	14	2	
0	0	0	0	
0	0	0	0	
0	0	10	35	
0	0	0	0	
0	0	0	16	
0	0	0	2	
0	0	0	5	
0	104	0	0	
0	0	0	3	
0	0	0	0	
1	0	0	35	
1	0	0	11	
0	0	3	0	
0	0	13	0	
0	0	0	0	
0	0	0	0	
3	0	14	0	
0	0	0	0	
0	0	2	0	
1	0	0	1	
2	5	1	0	
0	0	9	5	
0	0	0	0	
0	0	0	0	
0	0	0	7	
0	0	0	2	
0	0	2	2	
0	0	0	0	
0	0	0	0	
9	0	2	0	
0	0	0	0	
0	0	1	0	
0	1	0	17	
0	0	0	0	
0	0	39	38	
0	0	0	0	
0	0	17	29	
0	0	0	0	
0	1	12	0	
0	5	0	17	
23	0	14	2	
1	0	0	42	
0	0	0	0	
1	0	0	22	
0	1	0	0	
0	0	0	4	
7	0	0	0	
0	0	0	0	
0	108	0	0	
0	0	0	0	
0	0	0	0	
19	0	22	0	
3	0	0	0	
1	105	3	0	
34	0	27	39	
0	0	0	0	
0	0	6	0	
0	0	0	7	
0	0	0	0	
5	0	1	13	
9	0	0	9	
0	0	0	0	
0	1	8	58	
0	0	0	0	
0	0	0	6	
0	0	0	0	
0	0	30	14	
0	0	0	1	
0	0	0	0	
22	0	9	10	
0	0	0	0	
13	0	0	11	
5	0	0	1	
2	0	14	0	
13	0	0	14	
0	0	0	3	
0	0	39	0	
0	0	0	0	
0	0	38	0	
0	0	7	0	
0	98	0	14	
0	0	0	0	
0	0	0	44	
0	0	7	21	
2	0	6	0	
0	0	66	25	
0	5	0	0	
0	0	1	1	
8	0	24	0	
0	0	0	0	
0	0	0	0	
0	0	1	11	
11	71	20	33	
0	104	0	0	
0	0	0	0	
0	0	0	0	
2	0	0	11	
0	86	4	43	
2	0	0	0	
0	0	0	0	
0	110	28	9	
0	0	0	0	
0	0	0	2	
0	0	13	15	
0	0	5	0	
0	0	0	7	
3	0	0	4	
0	0	0	0	
0	0	1	0	
58	0	10	0	
0	0	8	0	
0	2	0	0	
38	0	59	7	
0	0	0	0	
0	0	62	100	
1	0	6	9	
0	0	1	0	
4	2	0	0	
0	0	15	147	
0	0	0	19	
0	0	45	2	
0	0	7	1	
0	0	2	0	
3	0	0	0	
0	0	0	0	
0	0	0	0	
24	0	0	23	
36	0	0	0	
0	0	0	15	
0	104	0	0	
0	0	0	0	
0	0	0	0	
0	0	0	0	
0	0	6	4	
0	0	0	0	
0	0	0	0	
43	0	12	0	
11	0	0	11	
46	0	30	0	
0	0	0	0	
0	0	0	0	
0	105	0	5	
0	0	0	0	
0	3	1	0	
0	100	0	21	
0	0	27	0	
0	0	2	0	
2	211	3	0	
0	0	0	0	
0	0	0	0	
0	0	0	0	
0	0	0	0	
0	0	0	0	
0	0	0	0	
0	0	2	0	
0	0	0	0	
0	0	0	0	
0	0	2	1	
0	0	0	0	
0	0	0	0	
0	0	16	0	
0	0	3	0	
2	0	16	34	
0	0	0	0	
0	0	0	0	
0	0	0	1	
0	207	10	0	
0	0	0	0	
0	0	10	14	
0	0	0	0	
0	0	0	2	
0	0	1	0	
0	0	17	0	
0	0	0	0	
0	0	0	0	
1	102	0	6	
0	89	0	32	
0	0	0	0	
0	0	0	9	
0	0	0	0	
10	0	1	0	
0	0	0	0	
1	0	4	36	
0	0	3	31	
0	0	0	0	
21	0	20	4	
1	0	0	0	
0	0	0	0	
0	0	0	0	
0	0	0	0	
0	0	2	0	
0	0	0	0	
0	0	0	0	
15	0	6	15	
20	99	0	0	
20	99	8	35	
0	0	0	0	
0	0	8	2	
0	0	0	0	
0	0	4	0	
0	0	6	0	
2	0	0	3	
0	0	3	5	
0	0	0	0	
41	0	23	1	
0	0	0	0	
10	0	0	0	
2	0	0	14	
4	0	0	0	
0	1	46	8	
0	0	0	4	
13	1	0	12	
0	0	0	0	
0	0	2	0	
0	0	0	0	
0	0	0	0	
0	95	1	22	
0	0	54	0	
3	0	3	0	
1	66	37	83	
0	0	0	0	
0	0	8	0	
0	0	2	1	
5	0	4	0	
5	0	0	6	
0	0	0	11	
33	0	67	0	
0	0	0	0	
0	0	0	0	
0	0	3	0	
0	1	0	1	
0	0	0	0	
0	0	0	6	
0	0	0	5	
0	0	0	0	
0	0	7	23	
0	0	15	33	
0	0	0	0	
7	201	2	0	
0	0	0	0	
0	0	0	0	
0	0	24	0	
1	0	2	1	
0	0	0	2	
13	0	0	0	
0	0	0	0	
7	0	1	57	
0	0	0	0	
0	0	0	5	
5	0	7	14	
1	113	0	0	
0	0	2	8	
3	95	14	0	
0	0	0	15	
9	0	14	15	
0	0	0	1	
0	0	5	0	
0	0	0	2	
6	183	0	42	
0	5	12	0	
0	0	0	0	
1	99	0	35	
0	2	0	0	
0	0	0	0	
0	0	18	23	
0	0	12	0	
0	0	0	10	
0	104	0	1	
20	0	0	0	
0	2	0	12	
48	0	1	0	
1	0	0	48	
31	0	7	0	
0	0	0	0	
0	0	0	2	
0	0	0	3	
0	0	2	32	
0	0	3	0	
0	0	1	2	
0	0	0	0	
0	0	0	0	
14	0	0	0	
0	0	1	0	
0	105	0	0	
0	0	14	0	
0	0	6	1	
1	106	0	0	
0	0	0	50	
2	0	12	0	
0	81	25	72	
0	0	0	0	
5	82	32	61	
0	96	0	8	
1	0	3	0	
10	0	0	0	
2	0	0	0	
0	0	1	0	
0	0	6	6	
1	0	0	1	
0	0	0	0	
0	0	0	0	
0	0	0	2	
0	0	0	0	
0	0	0	0	
0	0	18	0	
22	0	9	1	
0	0	0	8	
0	104	0	0	
12	0	5	1	
0	0	0	0	
1	215	0	0	
0	0	2	25	
0	109	0	0	
9	70	22	60	
0	1	0	0	
0	0	0	0	
0	2	1	2	
0	0	0	0	
0	0	45	44	
0	0	0	0	
0	0	0	0	
0	0	1	0	
1	0	32	9	
0	0	2	0	
3	205	6	19	
9	0	3	0	
0	0	0	0	
5	0	1	13	
0	0	0	0	
0	0	5	0	
0	0	0	16	
5	70	29	73	
26	0	21	0	
5	0	26	47	
7	108	11	0	
9	0	0	20	
37	77	11	40	
0	0	0	0	
0	0	0	0	
0	0	2	0	
0	0	4	0	
13	0	9	38	
0	0	0	0	
0	0	7	0	
0	98	0	38	
10	0	1	15	
0	0	0	0	
0	0	20	27	
15	0	0	0	
9	0	4	3	
3	0	13	0	
0	0	0	0	
19	0	19	0	
0	0	9	3	
0	0	0	0	
0	0	0	4	
14	0	4	100	
11	0	2	0	
0	0	0	0	
4	0	0	0	
0	0	0	0	
10	0	0	1	
0	0	0	1	
0	0	11	39	
0	0	0	0	
0	0	26	0	
33	0	0	0	
0	0	2	8	
0	0	4	0	
0	0	7	9	
0	0	0	1	
5	0	0	31	
0	0	6	0	
0	0	0	2	
3	100	1	0	
0	0	0	0	
3	0	4	10	
0	0	5	0	
0	0	0	0	
0	0	0	0	
0	0	0	3	
0	0	0	0	
0	0	57	74	
3	0	0	7	
0	0	0	0	
0	0	0	1	
0	0	0	0	
14	0	3	0	
0	104	0	0	
1	0	0	0	
1	0	0	0	
0	0	0	15	
3	0	1	0	
4	204	15	1	
0	2	0	1	
0	0	0	4	
18	0	0	0	
6	97	0	11	
0	0	0	0	
0	0	0	0	
0	0	0	0	
0	0	0	0	
0	0	0	10	
0	0	0	3	
1	0	0	0	
0	0	3	52	
55	0	60	22	
0	0	0	6	
0	0	0	0	
0	0	0	0	
0	0	24	1	
1	96	35	0	
2	0	5	10	
0	0	0	11	
15	0	6	0	
0	0	2	0	
4	0	1	0	
0	0	0	0	
0	0	0	0	
0	0	10	0	
0	0	0	0	
0	0	0	16	
0	0	22	25	
0	101	0	3	
0	0	4	0	
0	0	26	5	
0	0	0	0	
0	0	0	0	
0	0	0	0	
0	0	41	4	
0	0	17	0	
0	0	21	3	
0	0	0	21	
0	0	0	0	
0	0	0	0	
0	0	0	0	
0	0	0	0	
0	0	0	0	
10	206	9	0	
0	0	0	0	
0	0	0	0	
0	2	0	0	
2	118	0	0	
0	0	4	71	
11	0	1	0	
26	0	0	0	
0	0	1	2	
0	0	0	0	
0	0	0	0	
0	0	0	0	
0	0	0	24	
0	80	48	32	
0	0	0	0	
0	0	0	0	
0	0	0	2	
17	103	20	0	
1	1	0	0	
0	102	0	4	
0	3	1	0	
0	0	0	2	
0	0	0	0	
0	205	1	2	
0	0	0	0	
0	0	0	0	
0	0	0	0	
12	0	0	0	
0	0	0	0	
3	0	7	0	
18	0	41	0	
1	0	3	2	
0	0	4	0	
0	0	1	0	
0	1	0	3	
12	0	0	14	
0	0	0	0	
0	0	0	0	
0	0	0	2	
12	0	0	2	
0	0	0	0	
0	0	0	0	
0	1	0	0	
3	0	0	10	
0	0	0	0	
59	0	0	0	
39	0	93	4	
0	0	0	0	
0	90	0	69	
0	0	0	1	
0	0	0	0	
2	0	0	0	
1	0	0	8	
0	0	2	8	
0	0	0	5	
0	0	0	0	
0	0	0	0	
0	0	4	11	
0	0	0	0	
0	0	0	18	
0	0	0	0	
0	0	0	1	
0	0	11	4	
0	0	0	1	
0	0	2	0	
2	0	0	0	
0	0	2	0	
0	0	53	0	
0	0	0	0	
0	0	0	0	
4	95	0	21	
0	0	0	0	
0	0	0	0	
0	0	0	0	
0	0	0	9	
0	0	0	0	
1	98	0	21	
0	0	0	0	
0	0	0	0	
0	0	0	0	
0	0	0	1	
17	0	2	11	
4	0	3	0	
7	0	20	56	
0	0	1	0	
0	0	12	0	
1	0	1	1	
0	0	2	0	
0	0	0	1	
0	0	0	23	
3	0	8	0	
4	0	0	18	
0	0	27	0	
0	107	22	0	
0	0	0	0	
0	0	1	1	
33	0	34	0	
1	0	0	0	
0	0	25	0	
0	0	0	0	
0	0	0	4	
8	0	11	0	
0	0	0	0	
0	0	2	0	
0	0	5	8	
0	0	0	0	
0	112	0	0	
0	0	23	0	
0	0	0	15	
0	0	0	0	
0	0	0	0	
1	0	7	10	
0	0	0	22	
0	0	6	0	
11	97	18	1	
4	0	4	0	
0	0	0	0	
0	0	0	0	
0	0	17	0	
0	0	0	1	
0	0	0	0	
0	0	0	0	
0	0	0	0	
0	0	1	0	
0	226	0	3	
1	0	0	0	
0	0	0	3	
0	0	3	0	
0	0	0	0	
0	0	0	0	
0	0	7	0	
0	0	0	0	
0	0	0	0	
0	0	7	0	
1	0	0	14	
1	0	0	3	
0	3	5	9	
0	0	18	0	
0	0	10	0	
0	0	6	113	
0	0	0	1	
0	0	0	0	
55	0	120	196	
0	0	0	33	
0	0	0	0	
0	0	2	0	
17	0	0	58	
0	0	20	1	
0	0	0	1	
15	0	3	0	
1	0	0	1	
0	0	0	0	
43	0	0	0	
0	0	0	14	
0	0	0	0	
0	0	1	10	
0	2	16	4	
0	1	1	0	
0	0	0	0	
2	0	33	10	
0	0	4	3	
0	0	0	3	
0	0	0	3	
0	0	4	5	
53	0	5	10	
0	0	3	0	
0	0	0	0	
1	0	0	1	
0	0	0	5	
0	0	0	0	
0	0	12	0	
10	0	10	0	
0	0	0	0	
0	0	0	0	
1	0	0	13	
9	0	1	2	
0	0	0	0	
0	0	0	0	
7	0	66	0	
0	0	65	30	
0	0	0	22	
0	0	0	4	
0	0	1	0	
15	0	0	16	
0	0	0	0	
0	0	0	0	
0	0	22	0	
1	0	41	3	
0	0	43	0	
0	0	0	6	
0	0	19	5	
0	0	1	0	
0	1	0	3	
0	0	0	0	
0	0	0	0	
0	0	1	0	
0	0	0	8	
0	0	67	78	
14	0	39	0	
5	90	83	0	
0	0	0	3	
0	1	12	5	
12	0	1	0	
0	1	12	0	
0	0	0	2	
1	0	0	1	
0	1	0	1	
0	0	8	1	
8	0	31	0	
0	0	0	0	
0	1	1	0	
0	0	0	0	
0	0	4	3	
0	98	1	8	
0	0	0	0	
0	0	0	0	
0	0	1	36	
0	0	0	0	
0	0	0	23	
4	0	20	54	
7	0	19	3	
0	0	18	0	
2	88	42	24	
0	0	0	0	
0	0	0	0	
10	0	0	0	
36	0	5	0	
0	0	0	2	
0	0	0	6	
0	0	2	0	
0	0	0	0	
0	0	5	0	
0	0	0	0	
0	0	0	22	
37	100	13	0	
8	0	21	34	
51	87	25	0	
0	0	1	1	
0	0	0	1	
1	0	0	0	
0	0	0	0	
0	0	0	4	
1	0	0	0	
0	90	25	104	
0	0	0	0	
20	99	13	0	
0	0	0	0	
5	0	22	0	
2	0	5	0	
0	0	0	0	
0	0	0	13	
0	0	1	2	
2	91	35	14	
0	0	0	30	
0	0	0	0	
0	0	0	0	
0	0	36	70	
14	158	125	49	
0	0	2	11	
38	0	2	0	
7	0	0	0	
0	5	0	11	
0	0	0	0	
0	0	0	0	
5	0	2	25	
0	0	58	45	
0	0	18	2	
0	0	3	0	
0	0	4	0	
0	0	0	0	
1	0	5	0	
1	0	0	18	
0	0	0	0	
0	0	0	0	
0	196	0	19	
12	0	0	0	
0	0	0	0	
0	0	0	0	
0	0	3	0	
0	0	4	0	
59	0	37	85	
0	0	0	0	
4	1	3	3	
3	0	0	0	
2	0	0	7	
0	0	0	0	
0	0	0	0	
0	0	0	14	
0	0	0	0	
0	0	0	0	
0	0	0	6	
0	0	0	0	
1	0	1	0	
0	0	0	0	
0	0	0	0	
52	109	23	0	
4	0	0	0	
0	0	0	0	
0	107	17	7	
0	0	8	0	
0	0	0	11	
0	0	0	0	
1	0	0	0	
3	0	0	4	
0	0	0	0	
1	1	2	1	
0	0	0	0	
0	0	2	0	
3	0	0	0	
3	0	0	0	
0	0	0	0	
27	0	0	0	
0	0	1	0	
0	1	10	0	
0	0	5	6	
0	0	0	0	
0	0	0	0	
0	0	0	0	
0	0	0	0	
2	0	26	0	
2	0	0	3	
28	0	41	28	
0	0	4	0	
17	91	0	20	
0	0	0	0	
3	0	0	20	
24	0	7	0	
0	1	1	0	
0	0	1	19	
41	84	3	32	
0	0	0	0	
1	0	2	0	
2	0	0	4	
2	0	11	0	
12	99	2	0	
0	0	0	0	
0	0	0	9	
0	107	0	0	
0	289	35	40	
6	0	25	0	
0	105	2	10	
0	0	1	15	
0	0	0	0	
1	0	0	1	
0	0	0	0	
0	0	0	3	
0	0	0	5	
0	0	0	0	
0	0	3	0	
0	101	28	7	
0	0	0	0	
10	0	25	12	
0	0	0	0	
0	0	0	10	
0	104	0	0	
0	0	0	0	
1	0	0	1	
0	6	2	1	
3	0	0	0	
0	1	0	13	
0	0	0	7	
0	0	0	0	
10	0	57	0	
0	0	0	0	
0	0	0	0	
5	5	0	3	
0	0	0	0	
0	0	8	9	
13	0	3	24	
0	0	2	19	
0	0	0	3	
0	0	0	0	
1	0	0	21	
0	0	0	0	
0	0	2	0	
10	0	1	35	
0	0	0	0	
0	0	0	13	
0	0	0	4	
11	0	0	0	
0	0	0	0	
0	0	5	0	
0	0	0	6	
8	0	0	0	
31	0	0	66	
31	207	0	5	
12	0	0	27	
8	0	0	0	
0	0	0	0	
0	0	0	0	
0	0	0	0	
1	0	0	1	
38	0	0	10	
0	0	0	0	
4	0	3	0	
0	0	0	6	
0	0	22	16	
0	0	36	8	
0	0	0	5	
0	0	0	0	
1	0	0	6	
0	0	27	1	
0	0	44	40	
4	0	0	37	
0	0	2	0	
0	0	0	0	
0	0	0	0	
7	0	8	1	
0	0	0	0	
0	0	0	0	
47	0	12	0	
22	0	0	83	
0	0	0	0	
0	0	2	0	
0	0	0	0	
3	0	0	1	
0	0	0	9	
0	99	0	15	
0	0	26	19	
0	0	0	0	
20	0	0	0	
29	0	6	41	
0	0	1	0	
0	0	0	0	
0	0	0	14	
9	0	2	154	
0	0	0	0	
4	0	0	0	
0	0	7	8	
11	0	0	9	
0	0	4	1	
2	0	0	0	
17	0	0	0	
0	0	0	1	
105	50	45	93	
0	0	9	0	
0	0	32	62	
1	0	0	46	
0	213	14	0	
0	0	17	1	
0	0	1	0	
4	0	46	0	
0	0	2	3	
0	0	1	0	
0	93	0	14	
0	0	0	0	
0	0	0	0	
2	0	6	0	
1	2	13	12	
4	6	0	2	
0	0	15	0	
0	0	0	8	
0	0	0	0	
0	0	0	17	
1	106	0	0	
0	0	0	0	
0	0	0	0	
11	0	0	0	
0	0	0	0	
0	0	3	0	
6	79	18	77	
0	1	0	0	
0	0	0	0	
18	0	49	0	
0	0	0	0	
1	0	0	0	
0	0	4	26	
0	0	0	5	
0	0	0	0	
1	103	0	0	
0	0	0	0	
0	0	0	0	
2	0	5	3	
0	0	0	1	
2	0	0	0	
0	3	48	35	
0	0	57	31	
1	0	1	1	
7	0	0	3	
0	0	0	0	
13	0	4	2	
0	0	0	0	
33	0	0	0	
1	91	8	24	
0	0	7	0	
0	0	0	0	
0	0	0	0	
0	0	0	0	
0	0	0	0	
0	0	0	0	
0	0	3	6	
0	1	0	15	
43	0	0	119	
18	98	0	5	
0	0	0	1	
0	0	3	0	
0	0	0	36	
7	0	5	91	
0	0	0	0	
0	0	0	1	
0	0	0	0	
19	0	1	2	
0	0	1	1	
34	0	0	5	
0	0	0	0	
7	0	20	0	
0	0	0	0	
0	0	0	0	
2	0	0	2	
0	2	0	0	
6	0	19	0	
37	0	19	0	
0	0	0	0	
0	0	1	0	
0	0	0	0	
0	0	6	0	
0	0	0	0	
30	0	0	0	
4	0	0	0	
0	0	0	0	
8	0	1	0	
9	0	0	0	
0	0	0	0	
7	0	0	20	
0	0	0	1	
1	0	0	3	
0	0	0	0	
21	0	1	2	
0	0	0	0	
82	0	32	0	
1	0	50	50	
0	0	1	0	
0	1	0	2	
5	0	0	0	
0	0	0	14	
0	0	2	0	
0	0	2	0	
0	0	0	9	
0	0	0	0	
61	0	42	0	
0	0	1	12	
0	0	0	64	
0	0	3	2	
1	0	0	0	
0	0	2	0	
0	0	0	0	
9	113	0	10	
3	0	6	2	
0	0	0	0	
0	5	0	0	
0	0	0	0	
0	0	0	0	
0	0	2	0	
0	0	0	0	
0	0	0	0	
0	0	34	0	
0	0	0	0	
0	0	0	13	
3	111	0	0	
0	0	0	0	
0	0	0	0	
0	0	0	16	
0	0	0	0	
1	0	1	1	
0	0	0	0	
0	80	36	91	
0	208	0	0	
8	99	1	25	
0	0	0	0	
8	1	18	0	
0	0	0	0	
10	0	0	0	
6	105	21	0	
30	0	0	12	
1	0	11	0	
20	98	2	50	
0	0	0	25	
0	0	2	20	
4	0	0	0	
3	0	33	0	
0	0	0	0	
0	0	0	1	
0	0	0	0	
0	0	0	0	
0	0	0	0	
0	0	4	0	
2	0	5	23	
0	0	25	0	
0	0	1	0	
0	0	0	0	
0	0	7	0	
0	0	0	0	
0	0	1	3	
39	86	1	46	
0	0	0	0	
44	0	0	12	
0	0	0	0	
0	0	0	2	
0	107	0	0	
0	0	1	0	
0	0	0	0	
0	0	0	0	
0	0	1	0	
0	0	0	0	
0	0	0	0	
0	6	0	0	
0	0	0	0	
0	0	0	0	
8	0	7	5	
1	0	0	0	
0	0	0	0	
6	0	0	28	
0	0	0	1	
0	0	4	31	
5	0	0	3	
3	101	0	0	
0	0	0	0	
0	0	0	4	
0	0	18	0	
0	0	7	44	
0	89	0	15	
0	0	3	1	
8	0	3	1	
0	0	0	0	
1	1	5	17	
0	114	0	0	
0	0	2	0	
0	0	0	0	
0	0	1	0	
0	0	0	0	
0	0	0	0	
1	88	7	23	
0	0	4	0	
0	0	0	0	
0	123	0	0	
0	0	0	0	
0	0	0	19	
0	0	1	0	
0	0	0	0	
0	0	0	0	
0	0	3	7	
8	0	0	0	
0	0	0	0	
2	3	0	0	
2	0	5	0	
0	0	0	0	
0	0	45	71	
2	0	22	0	
0	0	6	57	
0	0	19	66	
0	0	5	0	
0	0	0	0	
4	0	5	3	
0	0	1	17	
0	0	0	1	
2	0	0	0	
9	0	8	0	
0	0	0	0	
0	0	0	0	
0	0	5	0	
18	0	18	0	
0	0	9	0	
0	0	0	0	
8	101	1	35	
0	0	3	0	
0	3	48	16	
0	0	1	0	
0	0	8	0	
0	79	48	127	
0	214	0	1	
0	0	12	0	
0	0	0	0	
0	0	17	0	
7	0	32	6	
0	0	0	0	
15	0	2	0	
0	0	0	6	
0	0	0	3	
1	2	0	0	
0	82	13	122	
0	0	5	5	
6	100	0	2	
9	0	0	0	
0	0	16	0	
0	0	0	0	
12	0	0	2	
0	0	51	1	
0	0	20	0	
1	0	24	20	
0	76	110	22	
13	0	0	2	
6	0	13	0	
27	0	5	0	
3	0	0	52	
0	0	14	12	
0	0	7	0	
0	99	19	0	
3	0	10	52	
0	0	2	0	
1	0	0	0	
0	0	0	0	
0	0	13	4	
0	0	0	30	
29	0	54	0	
0	4	0	4	
0	0	0	0	
1	0	0	16	
1	3	0	0	
0	0	7	0	
0	0	0	0	
0	0	0	0	
0	0	1	0	
0	0	0	2	
0	101	1	6	
0	0	0	0	
0	0	3	1	
0	0	0	0	
0	0	0	0	
0	0	0	0	
21	206	0	0	
0	100	0	17	
0	0	6	0	
0	0	1	2	
0	0	0	0	
0	0	0	36	
0	0	0	0	
0	0	0	1	
0	0	9	0	
0	0	0	0	
3	0	4	0	
0	0	0	0	
5	0	0	19	
0	0	0	0	
0	0	0	4	
3	111	35	0	
0	0	0	0	
0	0	0	0	
0	109	4	0	
0	2	0	0	
0	104	0	1	
0	0	0	1	
0	0	0	0	
0	0	0	0	
0	0	0	30	
2	0	0	27	
11	2	16	10	
0	0	1	0	
15	0	0	0	
0	0	1	0	
0	108	0	17	
0	0	0	0	
0	0	0	0	
0	0	0	98	
0	0	0	18	
11	71	0	42	
0	0	0	0	
0	1	15	0	
0	0	0	4	
14	0	49	0	
1	0	2	0	
0	0	0	0	
1	7	0	0	
0	0	23	0	
0	0	0	1	
0	0	0	5	
0	0	9	0	
7	0	0	25	
3	0	2	0	
0	0	0	0	
32	0	0	0	
0	0	0	0	
0	82	53	42	
0	0	0	0	
0	0	0	0	
0	1	12	0	
0	0	8	0	
0	0	1	7	
0	0	0	5	
0	211	0	0	
0	0	0	0	
0	0	1	0	
4	0	0	25	
0	0	0	2	
0	0	3	1	
0	0	0	1	
0	0	13	9	
7	0	0	0	
0	0	0	0	
0	0	0	31	
7	0	8	0	
0	0	0	0	
0	0	0	0	
0	0	0	0	
10	0	0	0	
0	0	0	3	
8	0	0	0	
0	208	0	0	
0	0	0	0	
4	0	14	0	
0	0	0	0	
0	1	0	0	
0	0	48	20	
30	0	0	10	
0	0	0	0	
0	1	1	0	
0	0	0	0	
0	0	0	0	
0	0	2	0	
0	109	6	7	
0	0	7	1	
0	0	0	0	
10	0	0	0	
0	1	61	4	
1	0	0	11	
0	0	0	1	
1	1	0	0	
0	104	0	0	
0	0	0	1	
0	0	0	0	
22	0	0	21	
1	1	6	0	
1	0	35	2	
2	0	0	0	
1	0	0	0	
5	0	1	0	
0	0	6	0	
0	0	0	0	
0	0	0	0	
1	98	3	5	
28	0	26	54	
1	2	2	1	
0	0	0	0	
3	0	0	5	
0	89	2	54	
1	0	0	37	
0	0	0	0	
0	0	0	0	
0	0	0	0	
0	0	1	0	
0	0	0	0	
0	0	6	0	
5	0	0	0	
0	0	0	0	
0	0	9	0	
0	0	7	0	
15	0	0	0	
0	0	0	0	
0	0	4	2	
0	0	0	15	
0	0	38	15	
11	0	16	0	
0	0	28	0	
0	0	7	0	
0	0	0	0	
0	0	46	19	
21	0	0	0	
1	0	8	0	
0	0	0	0	
0	105	0	17	
0	0	0	0	
0	0	0	0	
0	0	0	0	
0	357	109	132	
0	0	1	0	
0	0	4	12	
0	0	25	0	
0	0	0	0	
0	0	0	0	
0	0	41	41	
0	0	0	0	
0	0	0	0	
0	0	0	25	
0	0	0	0	
0	0	0	2	
0	0	0	2	
0	0	1	2	
61	50	43	89	
30	0	1	0	
3	0	0	0	
0	0	0	0	
6	0	0	30	
9	0	0	16	
0	0	3	0	
0	0	0	0	
0	0	0	26	
0	0	0	0	
0	0	0	0	
0	0	0	3	
0	0	0	1	
77	0	0	0	
7	0	24	0	
1	0	0	0	
0	0	0	67	
0	0	0	0	
36	0	31	0	
0	0	0	0	
0	0	0	0	
1	0	0	0	
9	0	0	19	
5	0	0	0	
12	0	4	0	
2	1	2	0	
0	0	0	20	
0	0	4	1	
51	155	111	68	
0	1	22	0	
2	0	0	1	
0	0	7	0	
0	0	0	0	
0	0	0	0	
0	107	2	0	
4	0	0	18	
0	205	0	8	
0	0	0	25	
0	0	5	0	
4	2	0	0	
0	0	0	0	
0	2	0	4	
0	0	5	0	
0	0	0	0	
4	0	0	0	
0	0	0	0	
0	0	18	0	
1	0	1	0	
36	0	0	0	
0	0	0	0	
0	0	35	9	
1	0	1	0	
0	0	0	0	
1	0	15	5	
0	80	22	32	
0	0	0	7	
0	0	0	0	
143	0	179	157	
3	0	0	14	
0	0	0	0	
20	0	54	1	
0	0	0	3	
0	0	0	0	
0	0	0	14	
11	0	8	25	
0	0	0	0	
19	92	0	17	
0	0	8	0	
0	0	0	0	
0	0	0	0	
0	106	0	0	
0	0	11	0	
0	0	19	0	
4	0	0	0	
0	0	0	0	
0	0	13	37	
0	1	1	0	
0	0	0	0	
0	0	10	0	
0	0	4	0	
0	0	16	0	
0	0	0	0	
0	0	0	0	
0	0	0	0	
0	0	7	4	
0	0	11	0	
1	0	0	0	
0	0	0	0	
9	0	11	1	
0	0	0	0	
0	0	0	0	
0	0	10	37	
0	0	1	3	
0	0	0	0	
0	0	0	0	
1	0	0	8	
0	0	0	0	
0	0	0	0	
0	0	0	0	
0	323	0	31	
0	0	0	1	
0	0	4	2	
4	0	14	0	
0	0	0	0	
17	0	1	0	
0	0	5	0	
40	0	0	0	
0	0	88	0	
5	0	0	0	
0	0	0	0	
26	0	0	0	
0	0	0	0	
1	0	10	0	
0	88	62	21	
0	0	4	0	
0	0	35	1	
0	0	0	20	
31	0	26	2	
0	0	22	23	
19	0	0	3	
0	0	0	0	
0	0	7	0	
0	0	0	0	
0	0	1	0	
0	0	0	1	
0	0	0	3	
0	0	157	14	
0	0	46	63	
0	0	0	0	
0	0	0	1	
0	0	0	0	
0	0	47	0	
0	91	1	27	
0	0	0	0	
0	0	0	0	
6	75	27	37	
32	0	0	3	
5	1	0	0	
0	0	23	1	
5	0	0	4	
9	0	0	8	
0	0	0	7	
0	0	0	0	
0	0	2	0	
0	0	0	0	
4	0	15	2	
0	0	10	15	
0	0	0	0	
4	0	27	0	
0	0	0	0	
0	329	0	0	
0	0	0	0	
4	0	0	0	
0	1	0	1	
0	102	0	4	
0	0	0	0	
22	0	1	32	
7	0	7	0	
0	0	1	0	
2	0	0	1	
0	0	2	10	
0	0	2	0	
0	0	0	28	
0	0	0	5	
0	0	1	0	
0	0	15	0	
35	73	128	32	
0	0	0	0	
1	0	1	0	
0	0	4	0	
0	0	9	0	
20	0	4	25	
0	0	0	18	
0	0	0	0	
2	0	9	0	
0	0	8	2	
0	98	4	30	
0	0	3	0	
21	0	0	2	
0	0	0	0	
0	0	0	0	
0	103	2	0	
0	0	0	1	
0	0	4	9	
0	0	29	0	
0	0	0	0	
0	0	0	0	
0	0	0	8	
2	2	0	4	
0	193	23	94	
0	1	0	0	
20	0	11	3	
0	0	30	20	
0	0	0	0	
37	91	0	41	
0	0	18	0	
5	0	24	6	
0	1	0	0	
0	0	0	0	
0	0	0	5	
0	0	7	21	
0	0	0	0	
0	0	0	0	
0	0	3	0	
28	0	32	1	
0	0	0	0	
0	210	0	5	
0	100	0	5	
0	0	2	0	
0	0	0	0	
3	0	0	6	
0	0	0	0	
0	0	0	0	
10	0	0	11	
0	0	0	0	
0	0	5	0	
0	0	0	4	
0	0	23	22	
0	0	42	12	
0	106	0	3	
0	0	0	0	
0	0	0	0	
0	0	0	3	
0	0	11	0	
0	108	0	0	
0	0	0	0	
1	0	0	24	
16	78	1	41	
0	85	0	42	
0	1	0	43	
0	0	0	0	
0	0	0	0	
0	0	0	0	
0	0	1	0	
3	99	1	2	
0	0	0	0	
0	0	0	0	
0	0	0	0	
0	0	13	6	
0	0	0	0	
11	0	22	0	
0	0	0	0	
0	0	0	0	
0	0	0	11	
3	0	4	0	
1	0	0	52	
0	0	0	0	
4	0	0	1	
0	0	16	0	
0	0	0	0	
0	1	0	1	
0	0	0	0	
0	0	0	0	
0	4	1	0	
0	0	14	0	
2	0	0	1	
0	0	27	68	
0	0	0	0	
0	0	0	0	
0	0	7	0	
10	0	22	0	
0	109	0	0	
0	0	0	2	
0	0	0	0	
0	0	0	0	
0	0	0	0	
0	0	0	0	
1	0	0	73	
0	1	0	0	
0	0	0	0	
0	0	0	48	
0	0	3	1	
77	0	0	0	
0	0	0	0	
0	0	54	45	
0	0	0	0	
7	96	15	23	
0	0	0	0	
0	0	0	0	
0	0	0	0	
0	0	0	0	
0	2	0	0	
0	0	0	1	
0	0	0	0	
1	0	0	0	
1	0	0	2	
0	0	0	3	
0	0	0	3	
0	0	0	0	
0	0	0	13	
3	0	50	1	
0	0	0	0	
0	2	1	0	
0	0	21	0	
0	0	0	0	
8	0	0	0	
2	2	12	2	
11	0	0	101	
0	0	0	33	
0	0	0	0	
0	0	0	0	
2	0	5	0	
0	0	0	8	
0	216	5	15	
0	0	0	0	
0	0	0	0	
0	0	0	0	
1	0	0	3	
0	0	0	0	
0	340	0	9	
5	0	14	0	
5	0	0	22	
1	0	2	0	
3	0	5	2	
0	0	0	16	
16	0	0	0	
0	0	0	0	
0	1	0	1	
0	0	6	1	
0	0	46	3	
0	0	0	0	
0	0	0	0	
0	0	0	0	
0	0	3	24	
0	0	0	0	
0	0	0	0	
2	1	5	9	
0	0	0	0	
0	0	0	0	
0	0	0	0	
0	0	0	0	
3	0	0	6	
1	0	0	0	
0	0	0	0	
13	0	0	0	
0	0	0	1	
1	1	0	7	
0	0	11	2	
1	0	0	19	
0	0	0	0	
0	0	0	0	
124	77	181	332	
0	0	16	0	
4	0	0	8	
4	0	0	1	
0	2	3	3	
0	0	13	0	
46	0	3	1	
0	0	0	0	
0	1	0	0	
0	0	0	0	
15	0	46	0	
1	5	0	0	
0	0	0	7	
0	0	0	1	
0	0	6	0	
0	0	0	0	
8	97	0	0	
0	0	0	3	
0	0	0	0	
0	205	8	23	
0	0	0	0	
0	2	0	0	
1	97	7	55	
0	79	0	49	
0	0	3	0	
0	0	0	0	
11	0	0	31	
7	0	0	0	
0	0	0	25	
0	0	0	0	
1	0	0	0	
7	0	0	12	
0	0	0	0	
0	0	13	0	
0	0	0	0	
0	104	0	0	
4	0	0	0	
0	0	1	8	
0	1	0	40	
0	113	2	0	
0	0	2	0	
17	0	0	0	
0	0	0	0	
1	0	0	0	
32	82	0	39	
0	0	0	8	
0	1	20	24	
0	104	0	0	
0	0	0	0	
0	221	8	0	
0	0	0	1	
23	0	56	81	
6	0	0	0	
0	0	0	0	
1	0	40	33	
0	0	0	11	
14	0	2	0	
0	0	7	5	
0	0	0	0	
0	85	5	88	
1	0	0	46	
10	0	0	75	
10	101	0	20	
6	0	12	0	
0	0	4	0	
1	213	0	0	
1	104	0	0	
0	0	1	13	
0	0	0	4	
3	0	14	0	
0	0	10	0	
0	311	4	0	
0	0	26	1	
0	0	0	1	
0	0	0	0	
0	0	63	8	
2	214	0	0	
0	216	0	0	
0	1	1	0	
0	199	0	27	
0	0	18	3	
0	0	0	2	
0	113	0	0	
18	0	32	0	
0	0	35	10	
0	115	0	0	
0	111	0	0	
0	0	1	0	
0	0	0	0	
15	0	0	8	
4	0	0	4	
0	0	5	0	
0	0	29	1	
0	0	0	30	
0	0	0	0	
1	1	2	24	
0	0	0	0	
0	0	0	0	
0	0	0	0	
0	0	15	0	
0	107	0	2	
8	0	4	1	
0	0	1	0	
2	0	0	13	
0	0	2	0	
0	0	0	0	
0	0	4	61	
0	0	0	0	
6	0	17	5	
0	0	0	0	
0	0	0	0	
0	179	5	49	
0	0	0	0	
0	0	0	6	
0	0	0	0	
7	0	45	8	
0	0	4	1	
0	0	8	38	
0	106	0	0	
27	0	2	0	
0	0	0	0	
12	0	1	0	
13	0	35	59	
0	0	0	0	
0	0	1	0	
0	0	21	0	
0	0	2	0	
0	0	1	1	
0	0	2	0	
0	0	0	0	
0	2	0	0	
0	3	1	3	
0	0	2	3	
0	90	0	60	
0	0	0	0	
1	0	11	0	
0	0	0	5	
2	0	0	17	
0	102	21	29	
0	1	3	1	
0	0	0	0	
0	0	20	11	
11	0	27	0	
0	0	0	0	
0	0	7	1	
0	0	0	5	
0	0	0	0	
2	0	3	1	
0	0	0	0	
0	0	0	0	
1	0	0	1	
0	0	2	0	
0	104	0	0	
65	0	8	14	
0	0	0	0	
0	0	0	2	
0	0	19	0	
3	0	0	0	
0	1	0	0	
4	0	9	9	
0	0	5	0	
0	0	0	55	
8	0	0	0	
0	0	0	0	
0	1	17	0	
20	0	11	0	
0	0	0	0	
0	0	0	0	
19	0	0	21	
0	0	2	80	
0	0	28	0	
0	90	0	31	
19	0	0	0	
1	0	15	73	
1	0	11	0	
0	0	1	0	
0	110	0	0	
0	0	0	16	
4	0	0	6	
7	0	0	1	
0	0	9	0	
0	0	0	0	
0	0	0	7	
0	0	2	0	
0	0	18	28	
0	112	0	0	
0	0	0	1	
0	0	0	0	
0	0	0	0	
0	0	16	0	
0	211	0	0	
0	2	0	0	
0	0	0	83	
0	0	3	3	
4	0	0	0	
4	0	4	5	
0	0	0	0	
0	0	1	0	
10	0	4	8	
1	0	0	0	
4	0	13	38	
0	0	9	0	
0	0	1	0	
0	203	12	57	
0	0	2	2	
1	0	4	11	
0	0	0	0	
0	0	1	0	
0	179	25	69	
0	0	0	24	
0	2	0	3	
0	0	6	6	
0	0	12	0	
0	0	0	0	
1	0	0	5	
0	0	0	2	
0	0	0	0	
0	0	11	0	
0	1	4	0	
0	0	0	11	
0	0	0	0	
0	0	0	0	
0	98	1	7	
0	0	0	0	
2	0	10	0	
0	82	0	34	
0	0	0	7	
3	0	11	1	
0	0	16	63	
0	0	0	7	
0	1	0	0	
9	0	11	0	
0	0	0	0	
0	0	0	0	
0	0	0	9	
0	0	0	0	
0	0	0	0	
3	0	0	15	
0	2	16	24	
7	1	0	0	
0	1	4	0	
0	0	0	0	
17	0	0	105	
0	0	1	4	
2	0	4	18	
0	0	0	0	
18	0	0	0	
0	0	0	0	
0	2	1	0	
2	0	1	0	
0	0	0	0	
0	0	0	0	
0	101	0	38	
2	0	5	43	
0	0	0	0	
0	0	31	1	
0	0	0	2	
4	0	0	1	
5	207	0	0	
43	0	11	16	
0	82	9	28	
0	111	2	5	
0	0	1	0	
0	0	0	0	
0	0	1	0	
0	2	0	3	
4	307	1	0	
0	0	0	0	
0	0	0	6	
0	0	14	0	
0	0	1	0	
0	0	0	2	
0	0	0	1	
0	0	0	0	
2	0	1	2	
0	1	0	12	
0	96	0	21	
5	0	3	0	
0	0	39	1	
1	1	7	0	
0	0	0	4	
0	0	11	3	
4	0	6	0	
0	0	0	0	
0	0	0	2	
14	0	0	52	
0	0	0	0	
7	0	2	0	
44	70	35	5	
0	0	0	0	
0	0	0	0	
0	0	0	0	
0	0	0	1	
0	0	0	0	
12	0	6	0	
0	0	0	0	
0	0	0	0	
0	86	0	41	
0	0	1	0	
0	0	0	0	
0	0	0	0	
0	0	4	0	
4	0	1	5	
0	0	0	7	
0	0	0	13	
0	0	0	45	
0	0	0	0	
0	0	1	0	
0	0	0	0	
0	0	0	0	
0	0	4	1	
0	197	0	27	
0	0	1	7	
0	0	0	0	
0	0	0	13	
0	0	0	0	
0	0	0	0	
0	0	0	13	
0	0	0	0	
0	0	0	0	
9	1	0	0	
0	0	1	0	
0	0	0	0	
0	212	2	0	
0	0	0	14	
0	225	7	10	
0	0	17	11	
7	97	0	2	
24	75	0	109	
3	0	18	0	
0	0	0	0	
0	104	0	0	
0	0	0	0	
0	0	0	0	
4	0	39	99	
0	0	0	1	
0	0	0	20	
0	0	0	0	
0	0	2	0	
10	0	0	35	
7	0	0	0	
0	0	0	12	
0	0	45	41	
0	0	0	0	
0	0	0	0	
0	0	1	0	
59	86	0	20	
0	0	1	0	
0	0	0	0	
0	104	0	0	
0	0	0	4	
0	0	0	0	
0	0	0	29	
0	0	0	0	
11	0	9	0	
0	0	0	0	
2	0	17	10	
0	0	9	0	
0	0	21	5	
0	0	6	0	
0	0	0	0	
0	0	0	0	
0	0	16	23	
0	1	4	5	
4	0	0	0	
0	0	0	0	
0	0	0	40	
0	0	0	1	
0	0	0	0	
1	0	0	62	
0	0	0	0	
74	82	0	19	
0	0	0	0	
0	1	0	0	
0	0	0	11	
0	276	28	101	
0	0	0	0	
0	124	0	1	
0	0	0	0	
0	0	30	13	
0	0	0	1	
0	106	1	0	
0	0	0	0	
0	104	0	0	
0	0	1	16	
0	0	0	0	
4	0	5	34	
0	0	0	0	
0	0	0	0	
0	221	6	4	
0	0	0	0	
0	0	1	0	
0	0	0	1	
0	0	0	0	
11	0	0	0	
0	0	0	2	
0	0	1	10	
0	0	0	0	
0	0	0	0	
0	90	1	17	
0	329	0	6	
0	0	0	0	
0	0	0	9	
0	0	0	0	
11	0	8	6	
0	0	5	0	
0	0	1	0	
5	0	51	19	
0	0	45	0	
0	0	2	0	
0	0	0	0	
22	73	61	5	
0	0	0	7	
0	0	11	0	
0	0	1	0	
41	160	144	4	
0	0	0	0	
1	5	0	0	
0	0	7	0	
0	0	0	40	
30	0	0	35	
0	0	1	31	
0	0	0	0	
0	0	0	0	
0	0	0	0	
0	104	0	1	
0	0	0	0	
0	0	0	0	
2	0	0	0	
0	0	0	0	
8	0	15	2	
0	5	0	0	
0	3	25	0	
3	0	53	16	
0	0	0	0	
0	0	0	29	
0	206	27	0	
26	0	0	19	
0	0	0	2	
22	0	2	0	
0	0	0	0	
10	0	28	16	
0	210	0	0	
0	0	4	17	
2	0	7	0	
0	0	0	1	
0	0	0	0	
0	0	0	0	
0	0	0	3	
0	0	0	0	
0	0	0	6	
0	0	0	0	
2	0	0	0	
0	0	2	0	
0	0	4	0	
10	0	13	0	
0	0	12	38	
0	0	7	0	
1	0	11	0	
0	99	0	60	
0	0	0	4	
0	0	1	1	
11	0	0	0	
8	0	1	6	
0	0	0	0	
0	0	0	4	
0	84	9	43	
0	0	1	1	
0	0	0	0	
0	0	2	2	
0	0	5	0	
0	0	0	0	
0	0	0	0	
6	0	0	0	
0	0	0	3	
32	0	0	18	
0	2	0	0	
0	0	4	1	
0	0	0	0	
0	0	20	0	
0	0	0	0	
0	0	0	0	
0	0	0	0	
0	0	0	0	
2	0	0	10	
0	0	14	6	
0	3	5	0	
1	0	23	7	
25	80	14	107	
0	0	0	0	
0	0	2	16	
0	0	0	0	
0	0	0	0	
0	0	0	44	
16	0	31	0	
0	0	0	40	
1	0	0	6	
0	0	0	1	
0	105	0	0	
0	111	0	0	
0	0	0	0	
28	0	36	0	
0	0	0	0	
0	0	0	0	
0	0	0	31	
9	0	5	6	
0	3	0	0	
0	0	3	0	
0	0	0	34	
0	0	0	7	
0	0	0	0	
0	0	0	0	
0	0	0	0	
0	0	0	0	
52	0	0	30	
0	0	0	0	
0	0	2	1	
5	0	26	1	
0	0	4	1	
0	0	0	0	
16	0	0	0	
7	0	0	45	
11	0	0	1	
0	0	7	1	
0	0	0	0	
0	0	2	0	
2	0	0	0	
0	102	1	17	
0	104	0	0	
0	0	4	0	
0	0	0	0	
0	0	0	0	
0	0	0	0	
0	0	57	36	
0	0	1	0	
23	0	14	23	
0	0	0	0	
2	215	0	0	
1	0	2	0	
2	0	0	3	
0	0	0	0	
0	0	0	0	
1	1	0	0	
0	0	0	0	
0	108	10	28	
20	0	3	4	
13	97	22	14	
0	0	4	59	
0	0	1	0	
7	103	0	8	
0	0	0	0	
0	0	0	0	
0	0	0	0	
1	101	2	0	
0	0	83	2	
0	0	0	0	
0	0	24	1	
0	0	0	0	
17	0	3	3	
2	0	5	2	
0	105	0	2	
0	0	0	0	
0	0	2	0	
0	0	0	1	
12	103	0	0	
0	0	2	0	
0	0	2	0	
0	0	0	10	
1	0	0	0	
0	0	0	0	
0	0	0	0	
0	0	10	0	
0	0	0	10	
0	0	0	0	
0	0	4	0	
0	0	0	4	
0	0	0	8	
13	0	27	1	
0	207	0	7	
0	0	0	6	
0	0	0	0	
1	0	0	0	
0	0	0	0	
0	0	15	0	
0	0	0	2	
0	0	0	0	
16	0	6	0	
0	0	0	0	
0	92	0	57	
0	0	0	19	
6	0	2	0	
0	0	0	0	
0	104	0	1	
0	0	0	0	
0	0	0	0	
0	0	0	0	
0	0	0	0	
0	0	31	16	
0	3	12	5	
0	0	0	5	
1	0	1	0	
50	0	46	87	
0	0	11	0	
0	0	0	0	
0	212	3	0	
0	0	1	4	
0	0	0	27	
0	0	14	0	
0	0	0	0	
0	0	1	0	
0	0	26	11	
0	0	0	0	
0	0	47	13	
0	0	0	0	
0	0	0	0	
4	0	40	10	
0	0	0	0	
1	0	0	0	
0	0	0	25	
0	220	0	0	
23	0	16	4	
0	0	0	6	
3	0	19	0	
5	0	14	40	
0	0	0	0	
0	0	0	0	
0	75	17	74	
0	104	7	0	
0	0	2	0	
1	0	45	111	
0	117	2	20	
0	0	0	0	
0	0	1	0	
0	0	0	0	
0	1	0	5	
3	0	13	0	
0	0	0	0	
0	0	0	0	
0	84	0	79	
45	0	0	21	
9	84	13	104	
0	0	0	4	
12	0	0	13	
0	0	23	0	
52	0	2	0	
0	1	0	58	
0	0	3	0	
0	0	0	0	
0	198	25	48	
0	0	2	25	
0	0	0	0	
0	2	0	6	
13	0	0	15	
0	0	6	1	
0	0	0	0	
0	0	0	12	
0	0	0	0	
0	0	0	0	
0	0	0	0	
16	0	0	0	
1	0	0	3	
0	0	0	1	
0	0	17	0	
0	0	2	0	
0	88	0	60	
0	2	2	5	
0	0	0	0	
0	95	25	61	
0	0	5	0	
48	0	27	67	
0	0	0	0	
0	0	0	0	
0	0	0	0	
0	0	0	0	
0	0	0	0	
9	0	10	0	
13	90	48	0	
0	0	0	3	
0	0	0	0	
0	0	13	0	
0	0	0	0	
0	0	0	0	
0	0	0	0	
8	3	0	0	
0	0	0	0	
0	0	0	0	
0	0	0	1	
4	0	0	14	
0	1	11	2	
0	0	0	0	
1	0	0	11	
0	0	0	0	
0	0	0	26	
4	0	24	1	
1	0	1	4	
0	0	5	24	
0	0	0	0	
0	0	0	0	
0	0	2	0	
0	0	8	0	
0	0	0	0	
0	0	0	0	
0	0	2	0	
0	0	0	0	
0	0	0	0	
0	0	0	0	
0	0	0	0	
31	0	0	64	
0	210	0	0	
0	0	5	13	
6	0	3	0	
2	0	2	0	
0	104	0	0	
0	0	0	1	
0	0	21	0	
0	0	0	0	
70	89	0	43	
0	0	0	0	
0	0	0	0	
3	0	1	2	
0	3	0	0	
0	0	0	13	
1	0	0	3	
0	0	10	18	
0	0	0	0	
0	6	1	0	
0	0	0	0	
1	0	2	6	
0	0	0	0	
0	187	37	86	
0	0	19	0	
0	3	2	0	
0	0	0	0	
3	0	2	0	
0	95	0	66	
0	0	0	0	
0	0	0	0	
0	0	0	0	
1	0	0	0	
0	0	0	16	
1	0	0	2	
0	0	0	0	
0	0	12	0	
0	0	5	0	
3	0	2	0	
4	0	4	0	
0	0	0	0	
0	115	1	0	
0	0	0	2	
0	0	0	0	
3	0	63	0	
0	0	0	0	
0	105	1	28	
0	0	105	95	
0	111	0	0	
0	0	0	1	
30	0	0	0	
0	0	1	0	
0	0	0	0	
6	108	0	0	
0	0	1	0	
0	0	0	0	
0	0	0	0	
0	1	3	0	
13	1	0	0	
0	0	0	0	
0	0	0	0	
0	0	0	4	
0	2	0	0	
0	0	0	0	
0	103	0	1	
0	214	0	0	
0	0	0	0	
0	0	0	0	
7	0	33	63	
0	0	12	5	
0	84	0	52	
0	0	0	0	
11	0	1	21	
0	0	0	0	
0	0	0	0	
0	0	6	0	
0	0	0	0	
0	3	0	4	
0	111	0	0	
0	0	0	0	
0	0	0	0	
0	0	0	40	
0	0	0	0	
0	0	6	0	
0	0	0	0	
0	0	0	0	
4	0	0	0	
0	0	12	10	
0	0	2	0	
0	0	9	3	
0	0	0	0	
5	0	0	14	
1	0	12	0	
9	0	1	1	
0	0	4	0	
0	0	3	0	
0	0	24	1	
0	0	0	0	
0	0	0	0	
0	0	0	0	
0	0	0	0	
0	0	0	0	
0	0	0	0	
0	0	0	0	
0	0	4	0	
0	0	0	0	
0	0	4	6	
0	100	0	13	
0	0	11	0	
0	0	0	0	
0	0	0	0	
0	0	0	0	
4	0	0	0	
0	0	0	0	
0	0	0	0	
0	0	0	0	
2	0	2	0	
0	0	11	0	
4	0	1	0	
17	71	12	78	
17	0	1	0	
24	0	62	0	
0	0	14	0	
0	105	0	0	
44	0	1	0	
0	0	7	0	
0	0	0	0	
0	2	2	0	
0	0	12	34	
0	0	0	0	
0	0	0	4	
0	0	0	1	
0	0	0	66	
4	0	0	1	
0	0	4	0	
0	0	0	0	
0	0	13	0	
2	0	1	26	
13	0	10	0	
0	0	24	0	
0	1	0	0	
0	0	77	0	
0	0	0	0	
0	0	2	0	
0	0	0	0	
0	0	0	0	
7	3	4	0	
0	0	0	0	
0	2	0	9	
0	0	0	0	
0	0	0	52	
0	0	0	0	
46	0	2	43	
0	332	5	0	
1	177	4	109	
0	0	0	0	
0	0	3	0	
3	0	36	0	
0	0	11	10	
3	0	29	33	
0	0	0	0	
5	0	12	0	
0	0	1	0	
0	0	0	2	
1	0	20	4	
0	0	14	148	
0	0	2	10	
0	0	21	0	
0	0	0	0	
0	0	0	0	
9	0	0	0	
0	0	0	0	
0	106	0	3	
0	0	2	0	
0	0	5	0	
0	0	0	4	
57	0	7	2	
0	1	0	2	
0	0	0	0	
8	0	1	1	
0	0	0	20	
0	0	1	1	
0	0	0	0	
6	0	0	7	
13	0	0	0	
0	0	0	36	
0	0	23	5	
4	0	1	0	
0	191	0	70	
15	0	7	5	
0	0	0	0	
4	0	2	0	
1	0	0	1	
0	2	0	0	
0	1	0	0	
0	0	0	2	
0	85	1	28	
0	0	0	5	
1	2	0	0	
0	0	0	0	
0	0	0	0	
0	0	0	0	
0	0	0	0	
0	0	0	0	
0	0	0	0	
2	0	11	1	
0	0	28	21	
6	0	0	0	
13	0	3	11	
0	116	0	0	
0	118	4	0	
0	0	0	0	
0	0	0	1	
0	0	30	0	
0	0	0	0	
0	0	0	0	
2	0	0	0	
0	0	0	0	
0	0	0	0	
0	0	0	0	
0	0	0	1	
0	0	0	0	
0	0	0	0	
0	0	17	0	
0	0	0	0	
0	0	0	42	
10	0	0	17	
5	0	5	0	
1	0	0	2	
0	0	0	7	
0	0	0	5	
0	0	1	0	
0	0	0	1	
0	0	0	0	
0	0	0	0	
0	85	12	25	
1	0	6	0	
1	2	2	0	
0	0	45	2	
4	0	0	0	
0	0	0	0	
0	0	0	1	
0	0	1	3	
2	0	0	16	
0	0	0	0	
0	0	0	6	
0	0	0	0	
