-2992.9730482547
-2906.7519507874
-2898.6749803010
-2896.1145902798
-2900.6858872333
-2885.4267465894
-2850.8485278809
-2835.4070664717
-2827.2051529058
-2809.0228473559
-2807.8371730650
-2824.4410952394
-2825.2733966133
-2809.6004175421
-2815.5612698452
-2785.8201197598
-2807.1319367064
-2807.6075516585
-2786.2337977321
-2763.4826279246
-2788.2040114813
-2795.1500746784
-2778.5957579917
-2765.0447936104
-2793.4727273446
-2812.9163463250
-2816.4822522957
-2820.6263658342
-2804.4538783835
-2781.8937804901
-2760.6090853273
-2739.4632331914
-2724.8958162280
-2699.5130556293
-2665.4533591237
-2674.7250539134
-2691.2360179885
-2676.7907743396
-2685.3790821946
-2652.2685921788
-2650.8640788666
-2617.3912337965
-2598.7623963370
-2603.0947220617
-2590.1965612531
-2580.7342612812
-2565.8068535227
-2586.3229500291
-2556.5212533569
-2550.7462131031
